p cnf 100 580
3 -20 85 0
5 -6 -36 0
-26 -54 97 0
-9 45 -82 0
25 -59 90 0
-76 78 83 0
33 58 -96 0
54 -66 -100 0
-9 -12 -84 0
19 59 -66 0
-26 -92 -98 0
-3 -60 87 0
-39 60 75 0
23 42 50 0
-22 23 62 0
-45 47 -92 0
-2 -9 -50 0
-5 -49 -84 0
-35 -58 -61 0
47 63 77 0
78 -85 -93 0
2 -35 42 0
9 -45 84 0
44 -51 96 0
-46 -69 -86 0
21 -32 66 0
58 -76 82 0
-37 49 -78 0
-17 49 -97 0
-5 14 -54 0
-10 -49 51 0
-57 -84 96 0
17 -19 -23 0
9 26 -61 0
-27 -35 62 0
20 53 -61 0
-46 -62 -70 0
13 83 96 0
44 -51 71 0
-28 -46 96 0
2 -62 -73 0
-6 -33 -57 0
-28 68 -97 0
36 -55 95 0
39 50 68 0
35 -89 92 0
-48 -64 98 0
45 -59 95 0
-25 -54 -95 0
47 -60 76 0
32 59 80 0
-8 -55 66 0
-28 82 92 0
-9 46 71 0
-37 44 66 0
-9 -49 51 0
15 -35 92 0
-15 -62 67 0
-58 -79 100 0
-10 53 -69 0
53 -80 92 0
-11 -47 75 0
44 -45 -73 0
4 30 84 0
63 87 -90 0
18 24 74 0
-11 -34 -57 0
63 86 -96 0
-65 -83 95 0
33 87 -95 0
39 -56 71 0
50 58 -71 0
30 -48 93 0
57 -75 -97 0
13 -66 -99 0
-17 -31 56 0
-5 22 -34 0
34 -47 -52 0
-9 -77 -99 0
25 -37 71 0
-20 74 99 0
-64 90 -97 0
-10 21 71 0
-47 58 -66 0
3 -34 94 0
21 -25 -92 0
38 49 -77 0
-12 -76 98 0
24 51 -94 0
-41 44 72 0
-20 -27 -92 0
32 33 -38 0
-12 20 -31 0
-27 -50 52 0
-63 89 97 0
-6 9 64 0
-42 -52 -98 0
-35 41 -80 0
-5 25 44 0
-20 -44 -50 0
-10 -14 -91 0
7 -8 -37 0
-4 47 80 0
61 77 -83 0
-10 -19 -25 0
21 57 58 0
5 33 -74 0
-14 42 -90 0
-5 -7 93 0
-35 -40 91 0
-9 10 76 0
-2 -22 30 0
-15 59 -91 0
-75 -87 94 0
-12 25 95 0
-25 49 -64 0
-87 -89 95 0
49 -55 -88 0
32 86 92 0
-19 30 -47 0
70 83 -93 0
7 -67 -86 0
-29 30 -37 0
35 -69 -95 0
10 13 19 0
41 45 -82 0
59 62 88 0
32 -70 98 0
-33 -36 49 0
52 -77 84 0
58 78 -80 0
-8 52 98 0
7 -31 -90 0
-4 -11 77 0
3 -34 75 0
-55 69 87 0
7 -32 77 0
-30 54 -65 0
-11 -15 -84 0
-24 29 52 0
-11 -91 -95 0
39 -50 -86 0
-5 -39 72 0
7 55 -91 0
5 -26 100 0
12 32 84 0
-8 14 -47 0
14 22 -70 0
34 -63 86 0
-29 -47 59 0
65 -85 -89 0
13 -52 63 0
27 -48 -86 0
25 50 -84 0
-23 -25 40 0
-20 -42 94 0
-13 -73 -77 0
-13 64 -81 0
3 10 -23 0
54 -63 -79 0
-35 36 89 0
-32 -52 -62 0
10 65 82 0
-66 82 -98 0
36 46 82 0
3 -35 98 0
-69 83 84 0
60 -64 -70 0
7 49 79 0
-21 51 69 0
27 -69 -77 0
2 -15 -41 0
-5 -49 -57 0
35 -70 -76 0
-23 25 -82 0
-1 43 64 0
-17 59 64 0
5 73 96 0
-50 66 74 0
44 -60 -64 0
9 28 57 0
17 -49 84 0
-36 61 -95 0
-2 56 -74 0
-40 62 67 0
1 23 -28 0
29 34 -81 0
-28 57 -94 0
-1 44 -98 0
2 10 34 0
-40 43 65 0
25 -74 -82 0
38 -52 -98 0
-33 -44 83 0
44 54 -76 0
45 49 -64 0
-31 32 70 0
7 -9 66 0
18 72 96 0
2 -22 -69 0
-19 -23 -76 0
-23 -73 99 0
4 -61 -72 0
-43 53 87 0
-44 -79 90 0
12 52 -89 0
-57 78 -98 0
54 -64 -72 0
21 44 -73 0
41 -63 81 0
43 46 55 0
-9 -60 -73 0
7 -65 -89 0
-23 -55 -70 0
13 40 72 0
-50 53 80 0
14 -45 48 0
-65 -78 91 0
-37 -39 -63 0
14 -84 -100 0
-9 -70 -92 0
47 84 89 0
-15 69 -89 0
-72 -80 -97 0
17 -68 -86 0
-35 -36 57 0
12 56 80 0
-29 -40 -71 0
-60 -61 66 0
-30 41 -51 0
46 80 -89 0
2 38 59 0
-47 83 -94 0
-72 -73 86 0
31 73 78 0
22 24 -28 0
9 -27 -87 0
-12 16 -55 0
-18 32 -38 0
21 -80 89 0
-39 62 -100 0
-49 -56 -84 0
15 26 73 0
26 -72 97 0
-40 -70 -73 0
-43 52 54 0
20 -64 92 0
-37 -52 -79 0
-15 -17 -42 0
-5 10 76 0
44 -55 82 0
-36 -40 -86 0
-4 10 -37 0
-32 36 -87 0
-47 52 90 0
23 29 -89 0
-5 8 86 0
-4 26 57 0
-38 -64 95 0
-26 34 -82 0
23 76 80 0
69 74 -85 0
51 -69 71 0
-27 -81 -97 0
-7 -30 55 0
18 41 -52 0
-6 84 88 0
7 19 -27 0
50 -81 95 0
-31 52 78 0
-4 -8 -48 0
-21 47 57 0
-5 56 -86 0
-13 -39 42 0
3 51 -100 0
8 10 -58 0
4 -59 -89 0
-34 58 -87 0
14 57 65 0
-30 34 39 0
-22 41 55 0
16 -78 79 0
-35 50 -96 0
-4 -8 -24 0
10 81 -96 0
68 74 -99 0
55 61 81 0
-39 52 62 0
-15 66 -70 0
-59 -75 -92 0
59 -68 99 0
24 31 -98 0
36 -62 74 0
32 -70 97 0
-25 37 -52 0
12 39 100 0
25 -42 75 0
-19 72 -95 0
61 69 84 0
-17 -22 -84 0
7 14 -80 0
-23 97 100 0
38 45 -94 0
19 -94 96 0
11 59 -77 0
19 21 -99 0
13 -28 -31 0
-57 -73 -96 0
-8 -28 -96 0
10 38 -80 0
6 35 -81 0
26 64 87 0
-9 57 91 0
-18 -61 88 0
-13 52 -89 0
-35 -65 87 0
16 -49 97 0
-46 47 83 0
-42 -91 -94 0
13 34 54 0
8 85 99 0
-15 69 -77 0
13 -15 -74 0
-3 -6 -61 0
-2 -28 96 0
18 46 69 0
11 -39 -79 0
-2 -31 -51 0
-27 -79 87 0
-12 23 69 0
33 67 -98 0
-59 -84 92 0
9 -25 -87 0
-45 -62 90 0
-1 4 99 0
-49 -65 -68 0
59 63 -97 0
-46 -82 90 0
-30 72 100 0
4 60 69 0
31 47 68 0
43 -47 -63 0
2 32 67 0
-15 22 -68 0
13 -72 -93 0
12 -78 91 0
-60 -67 98 0
-24 48 58 0
-2 24 -39 0
17 61 -92 0
58 -63 -64 0
27 41 -63 0
62 -81 -91 0
6 -13 82 0
20 34 60 0
26 50 -59 0
-18 -67 -100 0
11 34 -83 0
14 47 78 0
18 -66 -82 0
-13 62 74 0
44 -53 66 0
-15 -54 -64 0
-46 -88 -96 0
7 -45 -48 0
-8 -23 -37 0
-2 40 -92 0
17 -39 -54 0
-21 -23 -29 0
18 46 -87 0
-2 29 30 0
-24 -38 -85 0
37 70 88 0
-29 61 73 0
18 40 -73 0
44 77 -98 0
-41 58 -68 0
-23 64 -96 0
37 90 94 0
-2 -17 26 0
71 -79 97 0
29 31 -45 0
-2 -26 -29 0
15 -27 -41 0
-1 29 -55 0
7 -18 20 0
-26 36 -81 0
27 72 76 0
-32 -63 -90 0
20 -82 -100 0
43 51 -94 0
-28 71 97 0
-20 -30 -99 0
-26 55 -61 0
18 22 44 0
63 82 -90 0
-1 -44 97 0
3 -24 -35 0
43 70 -87 0
-5 44 70 0
-17 52 -73 0
42 -69 91 0
24 -66 68 0
-5 -42 -56 0
-31 51 99 0
28 -29 -44 0
57 73 -84 0
-66 -76 91 0
-38 76 98 0
-25 -52 92 0
-51 71 99 0
29 62 88 0
9 57 93 0
-42 -65 -66 0
-16 17 -22 0
-23 -39 -59 0
3 -67 92 0
5 16 63 0
-46 -75 -78 0
-39 -54 -77 0
67 90 -96 0
-3 59 -63 0
-3 -13 -75 0
15 -72 85 0
46 -53 88 0
-44 59 -92 0
52 -60 -85 0
-17 -54 87 0
-7 -59 62 0
-9 -52 -80 0
-32 42 100 0
-33 77 98 0
-52 53 65 0
37 48 86 0
5 88 98 0
9 -34 85 0
-20 -85 91 0
51 -57 76 0
-19 -56 91 0
32 -75 76 0
-2 83 -86 0
7 -16 80 0
64 -79 92 0
56 -83 -85 0
58 62 87 0
9 74 97 0
64 -77 99 0
26 45 83 0
8 45 -54 0
31 -89 94 0
24 -25 -40 0
-39 -77 -97 0
53 77 89 0
31 -70 88 0
-18 -33 35 0
56 92 98 0
-20 37 65 0
-5 63 80 0
-2 3 63 0
-1 40 49 0
9 -16 55 0
-13 23 -76 0
-36 -50 69 0
-2 -17 -73 0
-6 -44 -89 0
12 16 95 0
58 79 -87 0
1 -19 39 0
-71 73 -87 0
-1 -44 46 0
11 42 -91 0
23 -75 99 0
-18 34 -66 0
33 -35 -88 0
-2 53 -69 0
-19 -61 -73 0
6 -48 -94 0
16 -69 -70 0
-33 50 69 0
25 -30 63 0
38 47 -70 0
-11 47 59 0
57 -91 95 0
45 51 -75 0
-22 58 73 0
58 73 -81 0
-12 -17 35 0
-16 -81 85 0
13 -41 -71 0
23 47 60 0
-34 -48 60 0
58 68 84 0
-7 66 83 0
51 -60 -84 0
-13 44 47 0
70 80 -96 0
29 50 -71 0
13 18 -71 0
-20 -25 85 0
1 -3 -67 0
12 38 98 0
30 55 -68 0
56 -86 -88 0
-8 -26 71 0
-15 -64 -87 0
-8 72 -92 0
-13 -72 97 0
-40 68 80 0
-2 -40 -94 0
12 -33 47 0
9 -34 81 0
-36 43 53 0
-44 50 -52 0
11 46 96 0
69 75 -86 0
-32 48 52 0
32 -72 88 0
15 -20 -22 0
30 38 75 0
-31 -36 91 0
-22 -59 63 0
-83 -84 -93 0
2 -43 -54 0
44 45 78 0
-27 32 44 0
3 -13 -87 0
-28 -34 -88 0
-40 -44 46 0
-9 36 -61 0
-34 39 -41 0
-12 -60 -72 0
40 -62 -87 0
-53 88 100 0
-39 48 -93 0
-64 67 -79 0
24 -71 73 0
-53 61 80 0
14 -17 75 0
29 -53 99 0
-23 -26 -64 0
-15 -48 -87 0
29 47 -50 0
62 -79 88 0
3 -35 -100 0
16 46 -63 0
-38 73 -78 0
24 70 -74 0
-62 72 -79 0
56 -69 72 0
13 22 40 0
-63 -70 82 0
-71 83 -85 0
-48 62 -81 0
16 46 -85 0
-23 84 87 0
41 57 92 0
-29 45 -91 0
-58 -81 89 0
-22 -72 94 0
-42 78 95 0
-67 78 -93 0
-24 -67 79 0
58 -81 -86 0
-26 -43 64 0
15 22 -80 0
-41 53 -79 0
-15 -45 -48 0
-34 54 -63 0
28 30 93 0
-59 68 -91 0
-62 -69 -86 0
26 35 59 0
30 50 -53 0
15 -20 -81 0
59 63 67 0
28 58 71 0
-1 35 82 0
-22 -55 67 0
-25 73 91 0
2 -59 -97 0