p cnf 100 300
24 -35 57 0
76 93 94 0
20 54 -84 0
-61 -65 -95 0
5 -35 -86 0
27 -28 -59 0
3 -71 95 0
-9 -33 -73 0
-7 -11 98 0
-12 -64 -76 0
24 -40 -58 0
-32 -38 -72 0
1 57 90 0
-25 33 -99 0
34 78 82 0
54 -57 100 0
-69 83 -84 0
29 49 -62 0
-19 -50 -86 0
-17 77 96 0
16 -74 -82 0
30 74 83 0
3 -8 41 0
-45 -53 91 0
14 20 -62 0
46 91 -97 0
34 -75 90 0
-8 29 46 0
4 -42 -72 0
-24 75 82 0
32 89 -90 0
-41 -60 -93 0
-46 -55 98 0
-27 51 72 0
-13 38 -48 0
-11 43 52 0
31 38 -53 0
25 -44 84 0
-12 37 82 0
6 -75 -93 0
-38 -53 -78 0
80 -93 99 0
-63 -66 -79 0
29 -60 91 0
27 72 96 0
-74 -75 -99 0
-39 -59 75 0
-24 36 -46 0
-30 35 -38 0
9 -64 -98 0
-2 -20 78 0
-5 14 84 0
-40 62 76 0
-69 -74 77 0
61 -82 -95 0
32 73 -94 0
-26 -43 -74 0
59 61 97 0
51 -63 93 0
-7 48 78 0
10 78 -83 0
-1 39 49 0
-14 -70 86 0
-1 -55 96 0
-18 25 82 0
1 -37 -59 0
-30 -49 62 0
18 20 45 0
20 -39 -89 0
22 -37 -69 0
5 31 -74 0
-14 17 51 0
-11 -76 -92 0
23 67 -100 0
-15 -67 92 0
13 40 83 0
-52 -55 79 0
-22 30 43 0
-22 -40 -61 0
-10 19 96 0
20 43 63 0
-22 63 -80 0
11 62 88 0
-19 -47 61 0
-6 -47 86 0
53 86 -94 0
36 40 89 0
65 -67 -80 0
2 -55 -63 0
21 39 80 0
-10 52 -84 0
46 51 -61 0
51 -59 67 0
15 31 -67 0
16 24 -36 0
10 41 -87 0
3 35 -67 0
-15 -40 62 0
37 42 -87 0
-33 -69 -75 0
-4 -47 84 0
-48 -57 -58 0
20 29 -78 0
6 50 -59 0
23 35 -85 0
14 -64 -87 0
-40 -51 -64 0
52 -74 95 0
-42 43 -74 0
63 78 -89 0
2 77 -87 0
-28 34 -90 0
-32 90 -95 0
19 57 -64 0
1 -9 -15 0
5 -28 -81 0
17 22 33 0
32 94 -97 0
-5 22 95 0
9 -45 -55 0
-38 52 -85 0
-4 -26 -35 0
-30 44 82 0
1 73 -78 0
27 45 87 0
-13 -41 65 0
-21 44 -61 0
-9 27 70 0
14 -68 99 0
-40 -72 -74 0
39 -69 -82 0
-28 67 -78 0
-13 -55 -99 0
2 31 43 0
31 -66 80 0
26 41 85 0
-28 -33 92 0
22 -43 -75 0
11 34 80 0
65 -75 96 0
-14 -19 63 0
10 13 -16 0
17 -50 -99 0
48 52 90 0
-87 92 94 0
-28 -78 -79 0
18 -54 85 0
18 53 -80 0
15 30 35 0
11 -13 -18 0
-26 70 -99 0
14 59 -64 0
24 -39 56 0
20 25 -69 0
30 63 93 0
-27 53 -64 0
24 36 46 0
-52 69 71 0
4 -12 16 0
-4 -28 -46 0
-36 -39 77 0
4 19 90 0
-66 81 -99 0
-20 -31 65 0
4 -21 23 0
22 -29 40 0
-7 -57 96 0
9 -78 -93 0
-12 59 -79 0
-33 -37 -60 0
31 94 96 0
19 -29 87 0
-18 -30 82 0
22 -69 93 0
5 -69 90 0
2 -5 16 0
-32 -46 -99 0
20 -38 82 0
-2 74 92 0
25 -44 -64 0
51 -68 -100 0
11 -66 74 0
-30 -73 82 0
8 68 70 0
-2 -15 -63 0
-1 20 95 0
-31 -55 -64 0
-58 68 -94 0
-8 29 78 0
10 -25 69 0
-4 27 48 0
2 77 98 0
35 -91 98 0
-41 -64 -76 0
35 -51 -84 0
-85 -95 99 0
-25 32 99 0
-49 -57 -91 0
-74 -78 -83 0
18 67 76 0
-20 -21 61 0
-17 -38 53 0
5 -33 91 0
-9 23 -57 0
63 -81 -93 0
-14 -24 -59 0
-9 -11 -100 0
48 -49 -69 0
-35 40 -53 0
-40 42 67 0
-8 67 -91 0
38 58 -77 0
-37 -49 55 0
-78 -85 -94 0
33 -53 -78 0
9 -18 -40 0
1 15 75 0
38 74 -94 0
-10 -52 65 0
-3 -32 68 0
49 -80 90 0
43 -55 61 0
-29 -33 -43 0
-11 42 -63 0
-38 39 100 0
51 80 -90 0
47 63 -78 0
21 -83 -93 0
-17 -37 60 0
3 33 83 0
-43 -58 -72 0
-21 -49 -100 0
54 61 -89 0
-48 -86 -91 0
-30 -48 -97 0
-29 39 42 0
48 68 91 0
-30 -35 -80 0
24 -30 -87 0
-25 -51 -61 0
13 27 -46 0
-22 31 38 0
-33 -50 72 0
21 39 71 0
-26 -55 87 0
-11 -37 46 0
-62 -67 -74 0
-84 -86 99 0
-30 64 95 0
29 70 -76 0
-49 62 71 0
-72 -75 -88 0
2 24 69 0
18 48 66 0
-81 96 99 0
-56 94 98 0
72 78 -88 0
-10 41 88 0
40 -73 -97 0
-7 12 97 0
-41 -59 99 0
11 -66 -88 0
-12 19 56 0
-10 48 66 0
-3 -37 -49 0
-29 85 98 0
-17 19 -96 0
-16 20 53 0
-39 63 -66 0
2 -26 28 0
26 -46 -54 0
-20 67 91 0
-77 -92 -98 0
13 56 -63 0
-43 46 -83 0
-36 -71 -76 0
4 32 -46 0
-1 -57 95 0
30 -35 54 0
-59 -88 -96 0
2 -23 -34 0
9 -19 -25 0
-32 43 70 0
-13 58 -64 0
5 43 -98 0
-34 -64 73 0
14 22 23 0
-6 13 19 0
-4 57 -64 0
1 -35 -55 0
-15 -66 87 0
-14 -31 -68 0
12 37 -50 0
-31 43 65 0
-3 -21 -59 0
-1 -40 -46 0
23 -48 -99 0
-54 59 -95 0
23 89 -98 0
-3 -16 86 0