p cnf 100 360
-23 67 94 0
2 -42 -58 0
-66 74 -91 0
-27 75 -85 0
6 36 42 0
-62 -85 -89 0
47 72 81 0
-29 76 -88 0
-7 -93 -99 0
-12 -28 93 0
28 -35 60 0
-50 -59 77 0
23 -25 50 0
18 -67 69 0
12 -22 47 0
67 -70 88 0
15 22 94 0
5 33 -90 0
-54 73 -78 0
30 -34 78 0
-23 57 -73 0
19 -32 37 0
1 55 94 0
-31 -33 73 0
-41 50 52 0
8 24 28 0
-16 21 -88 0
-59 -72 -75 0
-25 35 36 0
-69 -70 85 0
-5 40 49 0
-4 76 -94 0
21 64 83 0
-15 33 58 0
37 -54 82 0
-35 -40 -56 0
-29 -72 94 0
-7 -76 100 0
8 -74 -76 0
37 47 -51 0
22 68 72 0
-24 98 -99 0
-45 47 54 0
-35 -65 69 0
1 81 98 0
-20 -69 -89 0
65 82 -89 0
1 53 73 0
10 -57 -91 0
15 60 100 0
10 -32 -43 0
22 47 65 0
32 -73 85 0
18 -33 72 0
18 30 75 0
17 36 -94 0
31 -73 -97 0
-16 -67 73 0
-6 18 -20 0
-28 49 51 0
-14 42 96 0
-12 17 -18 0
10 -24 69 0
-50 82 95 0
-29 76 -84 0
16 -48 82 0
-24 70 -90 0
-55 -62 79 0
57 66 -83 0
28 69 83 0
-45 -64 87 0
-18 -22 26 0
-53 56 59 0
5 -31 34 0
43 62 -71 0
24 -52 -83 0
-22 -80 -93 0
5 -44 -78 0
6 25 -28 0
-18 36 72 0
40 -51 -59 0
29 -81 88 0
34 -77 -88 0
7 -33 95 0
6 -54 -78 0
-22 -80 83 0
1 -21 98 0
-17 77 97 0
43 70 94 0
6 -48 88 0
-2 46 -93 0
44 51 56 0
-6 55 85 0
64 70 -89 0
-15 23 67 0
-1 -45 87 0
-49 58 -81 0
46 -79 94 0
-25 -39 54 0
-48 -77 98 0
50 52 -68 0
-16 44 -48 0
-4 52 -78 0
39 -76 -78 0
-68 -86 97 0
-64 87 99 0
4 -12 86 0
-4 -9 -26 0
33 34 -44 0
6 -9 64 0
-17 42 -74 0
2 70 91 0
9 61 -83 0
-5 -7 79 0
75 84 -99 0
-19 -62 -96 0
-14 39 -65 0
14 65 -91 0
-38 -77 97 0
-5 43 -44 0
18 -39 75 0
-22 29 -56 0
-1 -33 -62 0
-31 -43 53 0
-8 38 59 0
11 -24 -97 0
-15 54 -68 0
19 58 -99 0
-11 22 74 0
5 -19 35 0
-51 57 -92 0
8 -36 55 0
12 -18 27 0
12 -50 72 0
29 74 99 0
20 82 -84 0
4 51 85 0
-10 -62 -81 0
15 -36 -84 0
27 70 -89 0
-35 65 84 0
32 -42 55 0
15 55 99 0
2 9 -85 0
-53 -84 96 0
-5 -35 -45 0
-59 74 -90 0
-7 -51 -56 0
-18 65 67 0
-31 36 79 0
-7 30 -46 0
-18 -77 -93 0
-16 -48 68 0
-64 77 84 0
-26 41 66 0
-17 -27 -85 0
-30 31 -69 0
-10 63 90 0
31 66 -73 0
34 59 89 0
12 -16 23 0
-44 -50 51 0
-9 66 -88 0
-31 -76 -91 0
1 39 -79 0
4 -80 93 0
-44 53 92 0
-26 -36 -88 0
19 -75 -89 0
-40 58 97 0
-14 -32 -63 0
-11 65 -94 0
-70 -87 -91 0
-50 53 -55 0
23 40 92 0
5 65 85 0
-3 41 47 0
26 -63 69 0
-9 -19 -38 0
-36 66 -80 0
28 -33 94 0
-10 60 -89 0
-30 42 52 0
39 48 -65 0
-16 62 -77 0
-24 -46 72 0
-22 85 89 0
45 50 -82 0
-4 -36 64 0
-6 28 -52 0
28 55 -78 0
16 -41 72 0
53 62 65 0
-36 -62 -75 0
-40 -46 51 0
8 71 -97 0
26 -74 -100 0
-7 -56 -79 0
-16 46 96 0
52 64 -84 0
3 11 -33 0
-43 76 92 0
-30 -44 79 0
1 -29 43 0
-10 66 87 0
35 64 68 0
-27 -30 47 0
-18 -36 -61 0
-6 -30 -92 0
21 -25 78 0
18 58 71 0
-20 67 -82 0
-50 51 63 0
19 -21 45 0
-11 12 -22 0
73 -88 -98 0
-26 -29 -75 0
-27 43 -53 0
-31 51 -87 0
16 92 95 0
-32 -33 51 0
-5 -39 -56 0
-8 -22 -77 0
-34 -82 -92 0
1 65 88 0
42 -46 51 0
-41 -54 72 0
-16 88 96 0
-54 -82 94 0
17 30 -51 0
-27 -29 93 0
8 -57 -97 0
-7 -9 -93 0
-19 -34 88 0
24 -42 87 0
36 40 50 0
-41 -42 90 0
33 -55 -99 0
51 87 -95 0
26 -61 79 0
-2 36 48 0
26 76 96 0
64 72 75 0
-13 84 94 0
-10 67 73 0
62 78 97 0
-34 51 59 0
3 -35 59 0
-35 -49 97 0
23 -80 -93 0
44 -62 84 0
3 -72 -99 0
-3 -51 -76 0
15 28 86 0
-31 42 -91 0
-28 91 96 0
48 -60 98 0
7 23 60 0
-53 74 87 0
-48 -72 96 0
27 -40 -45 0
4 -35 -74 0
33 -75 81 0
37 47 58 0
41 -61 86 0
-1 30 72 0
-30 -52 -78 0
-22 30 84 0
3 27 -58 0
21 60 -87 0
21 44 -57 0
-34 80 85 0
-46 74 95 0
71 85 -98 0
54 59 89 0
-34 -65 -74 0
-11 66 -69 0
-38 -74 86 0
21 52 99 0
-32 33 44 0
53 -76 -94 0
60 68 -71 0
72 -78 -95 0
35 -92 94 0
-2 22 24 0
26 -38 51 0
-24 -46 97 0
33 68 76 0
-4 -34 -54 0
13 27 43 0
-3 -14 -60 0
41 65 -86 0
-4 -13 52 0
58 -73 -93 0
-22 58 97 0
67 -83 -91 0
-19 74 75 0
-37 60 -90 0
30 66 -77 0
-2 -24 -61 0
20 -68 77 0
-61 -63 -72 0
32 53 78 0
19 65 99 0
-21 -51 55 0
-23 -30 -51 0
5 -42 -44 0
-35 -43 51 0
-15 39 -86 0
-6 -57 -77 0
-5 46 -78 0
13 -18 94 0
12 52 -80 0
36 -61 -71 0
7 27 67 0
-12 62 -82 0
-54 59 -69 0
40 67 80 0
23 -62 -67 0
12 32 -87 0
-8 -9 -88 0
-5 -10 62 0
33 -44 -67 0
16 -61 76 0
-17 -31 85 0
15 -24 -72 0
-8 9 -78 0
14 -15 51 0
-2 -22 97 0
-1 11 -50 0
12 -53 85 0
-9 -46 -73 0
39 94 96 0
53 -64 -81 0
16 -19 -98 0
13 33 -93 0
-4 -29 83 0
-36 41 56 0
-17 24 35 0
16 -57 -66 0
-27 -84 -96 0
-30 -62 85 0
35 -59 72 0
9 -64 -86 0
9 -68 78 0
31 -73 87 0
31 94 96 0
-13 -47 79 0
36 49 68 0
22 -60 63 0
2 34 85 0
36 -37 54 0
-44 60 65 0
-16 -51 56 0
54 -79 91 0
-66 88 92 0
-21 -33 48 0
-20 -55 -99 0
-64 88 -97 0
-60 91 -93 0