p cnf 100 560
12 22 30 0
-1 -52 -97 0
39 70 -97 0
18 48 -91 0
-24 -54 71 0
30 35 -59 0
4 -21 23 0
-46 65 -71 0
-13 -36 -95 0
12 63 74 0
6 -26 -95 0
5 -21 22 0
-61 -85 -96 0
-63 80 91 0
-1 58 61 0
30 64 76 0
-17 -82 -91 0
5 56 -73 0
2 16 -56 0
-53 54 56 0
-44 -95 97 0
-45 57 -66 0
-45 -47 -59 0
35 -62 -92 0
25 33 -100 0
52 -84 96 0
-43 -55 -58 0
-32 -47 -67 0
41 -78 86 0
25 -32 -99 0
5 -16 -54 0
70 76 -86 0
7 -39 -48 0
-51 -67 -73 0
-31 -41 -46 0
16 34 76 0
-27 -33 -66 0
12 49 -71 0
4 13 42 0
-35 66 -68 0
-7 57 -80 0
8 -11 85 0
4 -6 58 0
55 90 92 0
24 -70 -81 0
-12 40 -44 0
-28 -55 -56 0
-28 -55 62 0
-31 -48 -61 0
-43 -61 97 0
12 36 -95 0
20 -79 -92 0
2 -37 -74 0
28 -31 90 0
39 -62 90 0
56 -71 78 0
74 75 -96 0
23 61 66 0
63 -66 70 0
-19 -83 -95 0
-17 46 52 0
41 -79 95 0
-8 30 -49 0
-5 -17 97 0
-41 -61 -74 0
33 48 -70 0
-5 31 55 0
-36 -38 43 0
-1 -2 68 0
39 -47 -61 0
26 -65 -78 0
-26 -36 -49 0
37 38 -80 0
-10 -22 -46 0
3 33 -48 0
5 28 43 0
-23 33 99 0
-38 58 68 0
-24 -70 -93 0
-2 17 -39 0
-29 -58 -72 0
-1 -62 100 0
3 28 -53 0
-24 -47 83 0
-12 -18 45 0
36 -41 80 0
-23 25 -97 0
6 77 -85 0
34 60 98 0
24 40 84 0
3 -53 85 0
-4 -66 94 0
25 -55 70 0
-23 -36 -39 0
28 -59 -77 0
22 -23 83 0
46 93 -96 0
-24 27 87 0
65 -76 86 0
-6 -11 38 0
15 24 39 0
3 -8 20 0
40 -75 -81 0
17 29 50 0
8 -15 82 0
-16 82 91 0
-53 -55 -67 0
-4 9 -83 0
7 37 -94 0
34 -43 70 0
-22 49 89 0
-62 -72 89 0
24 59 -61 0
38 -64 89 0
-31 40 -67 0
-4 -29 77 0
-4 -54 65 0
8 51 -52 0
-41 73 -83 0
13 -28 -40 0
1 45 83 0
-6 -36 -41 0
3 50 -64 0
-35 -65 -81 0
-45 59 -78 0
-30 42 95 0
-1 37 -72 0
-55 -77 -88 0
-11 55 81 0
-4 12 -64 0
-7 -36 81 0
-45 -63 68 0
-4 -37 70 0
-32 -66 -99 0
-20 21 35 0
41 64 -93 0
10 35 91 0
31 57 -97 0
13 44 75 0
-31 50 -82 0
28 30 -65 0
23 48 -65 0
19 30 57 0
48 52 -75 0
-64 -74 -100 0
-9 -57 -94 0
64 -85 -90 0
-26 -35 -87 0
-11 -17 -77 0
30 87 -100 0
-9 70 97 0
-20 39 58 0
-28 36 49 0
36 -48 -51 0
-36 -71 -80 0
35 48 74 0
-15 -77 -82 0
-6 40 55 0
-34 74 83 0
-9 -79 -86 0
11 12 91 0
10 -68 -84 0
50 55 98 0
-30 49 73 0
8 48 85 0
1 -4 20 0
19 -31 -98 0
2 60 -81 0
6 -40 -57 0
45 58 -81 0
-19 -20 30 0
7 17 -46 0
51 54 -55 0
14 44 -77 0
-10 -24 -63 0
-5 -17 -97 0
-14 -18 99 0
17 -48 -61 0
-20 -60 84 0
10 -48 -67 0
11 63 -71 0
-65 -79 -92 0
-1 19 82 0
-38 -41 -48 0
10 61 -78 0
-41 59 75 0
-27 28 64 0
-42 -84 -87 0
-30 42 52 0
24 27 -28 0
17 -40 -99 0
-34 46 -57 0
29 -59 72 0
-72 95 -99 0
20 -73 85 0
-6 -50 -60 0
-26 75 86 0
-5 35 96 0
-1 -62 86 0
-30 -38 55 0
8 -40 96 0
-6 12 -54 0
17 30 -100 0
40 54 91 0
12 -55 -61 0
-3 -28 -47 0
-3 -61 87 0
81 93 98 0
-27 39 -85 0
-47 50 -100 0
36 -51 92 0
-36 77 88 0
61 -67 -79 0
36 51 88 0
29 80 -89 0
4 -42 -52 0
-1 26 33 0
-3 -9 84 0
14 -77 -81 0
-13 -28 -62 0
-58 -74 87 0
11 31 37 0
-15 -58 73 0
56 -90 -93 0
16 64 -95 0
38 -59 -99 0
-55 58 -83 0
-39 62 -80 0
10 -58 75 0
10 26 -58 0
69 76 -88 0
23 -52 88 0
-9 41 -60 0
-15 -45 -51 0
-6 -31 -83 0
-6 -21 -50 0
1 21 -98 0
-7 37 -73 0
-47 59 -78 0
29 -70 -88 0
52 85 -90 0
22 33 34 0
5 -46 61 0
23 40 100 0
3 -8 -41 0
61 69 -81 0
-35 -39 -70 0
-10 25 -52 0
-9 39 79 0
31 -37 44 0
-3 -30 95 0
5 -62 -75 0
59 63 -88 0
35 51 -83 0
-26 45 58 0
27 63 -64 0
-50 -57 -93 0
-6 18 23 0
-34 -47 79 0
36 51 75 0
59 66 86 0
-26 -46 91 0
-20 -52 -81 0
-48 -55 63 0
39 58 -89 0
28 -37 -68 0
-6 34 61 0
28 60 -83 0
18 35 74 0
-61 -68 -100 0
-2 3 30 0
45 62 66 0
-5 56 -100 0
33 -36 -43 0
-23 74 -99 0
-34 70 -75 0
17 -48 99 0
11 -22 87 0
-45 -50 -71 0
49 52 92 0
47 48 98 0
4 -21 97 0
8 45 48 0
-41 -91 -96 0
-20 -33 44 0
61 81 92 0
25 -67 -71 0
-12 14 23 0
17 48 -81 0
-3 -35 -62 0
-25 -88 -89 0
-26 64 93 0
-10 34 63 0
5 -36 -75 0
21 25 -50 0
44 63 -67 0
-23 35 58 0
28 66 90 0
23 57 71 0
-70 87 -91 0
4 -27 -97 0
12 57 -65 0
-12 49 -58 0
3 32 -63 0
12 51 -67 0
74 -81 -89 0
52 -66 86 0
11 34 70 0
77 -78 -100 0
79 -81 -97 0
62 69 96 0
-31 66 -72 0
40 65 -69 0
-17 -40 45 0
-27 -28 -32 0
8 34 57 0
-9 41 78 0
61 -82 86 0
10 -11 -78 0
4 80 -81 0
36 64 65 0
-22 -70 -80 0
12 65 94 0
57 -65 96 0
28 -72 -83 0
15 17 -94 0
21 29 -89 0
40 -81 96 0
56 -87 -90 0
31 46 75 0
3 -62 84 0
36 44 -79 0
5 51 -83 0
61 -64 69 0
-16 -66 80 0
-16 -88 90 0
10 -78 -95 0
-21 -24 -36 0
12 -27 -95 0
-11 -38 -67 0
-41 -55 87 0
-3 20 -83 0
46 66 71 0
15 25 84 0
50 51 73 0
-16 -33 -61 0
-14 -50 78 0
-20 31 47 0
47 71 -92 0
19 -75 -95 0
8 -26 73 0
33 49 -50 0
1 6 -38 0
47 63 100 0
-30 -85 -98 0
3 41 -50 0
39 -64 -74 0
9 65 -76 0
29 44 55 0
-36 39 -95 0
-2 14 23 0
-21 45 59 0
-16 58 74 0
-3 30 -90 0
-22 -62 -100 0
-18 -24 -30 0
-42 53 69 0
-29 -36 -90 0
-2 80 -94 0
-1 -75 97 0
-24 -25 -66 0
-6 24 -55 0
-8 52 97 0
54 -77 82 0
4 -15 -49 0
-47 62 -83 0
34 45 50 0
-57 71 73 0
-19 32 71 0
-1 62 -72 0
14 -17 -43 0
5 -13 66 0
-7 41 65 0
48 81 84 0
1 -83 88 0
-44 -58 72 0
-68 72 -74 0
-37 75 93 0
72 90 -93 0
-5 -13 97 0
15 -36 41 0
11 38 -91 0
22 33 -51 0
16 19 65 0
16 -81 -89 0
-16 19 -54 0
1 -48 55 0
-36 39 69 0
30 70 -86 0
-8 -29 -86 0
7 59 -69 0
34 -50 78 0
-11 -70 -82 0
12 73 -92 0
52 -87 -94 0
81 -87 -88 0
2 82 87 0
-10 51 99 0
-22 43 -54 0
18 -51 100 0
22 85 91 0
-21 -62 -65 0
45 65 69 0
34 -84 -91 0
20 -59 -86 0
19 39 -56 0
31 66 -75 0
-23 -33 -86 0
17 -29 34 0
5 74 -77 0
10 -60 -88 0
-19 27 63 0
-35 56 82 0
-16 -30 -38 0
-38 -39 -100 0
-34 66 72 0
-51 63 88 0
7 -55 76 0
-14 -29 48 0
15 -57 71 0
3 6 -71 0
-6 12 65 0
12 43 -68 0
46 54 -70 0
50 -75 98 0
-25 38 68 0
-42 -84 -91 0
11 -24 -64 0
-66 86 89 0
1 42 -43 0
-8 -28 69 0
-31 73 84 0
-36 -49 -92 0
1 35 -76 0
-48 -49 97 0
-12 29 -49 0
47 62 -64 0
-9 -75 -99 0
-72 -76 99 0
-1 -21 -79 0
10 75 -91 0
-22 38 -62 0
37 -42 -78 0
38 50 57 0
24 61 -75 0
-38 -52 -64 0
24 77 -78 0
4 -35 -91 0
-90 -92 -100 0
17 64 66 0
12 21 -72 0
4 -61 -85 0
20 -36 -69 0
-27 98 -99 0
-4 -63 -83 0
-16 53 -71 0
17 -33 70 0
-69 -73 -94 0
-13 -74 -99 0
-38 -41 -84 0
12 67 -84 0
40 -65 -96 0
29 -62 72 0
2 42 95 0
-47 -50 -60 0
16 -61 -82 0
-14 -19 -95 0
-31 -76 98 0
-8 -57 60 0
-46 59 -64 0
-51 -52 -69 0
11 -71 -78 0
20 50 -55 0
10 -68 -83 0
26 28 -43 0
41 -43 -71 0
-33 46 100 0
36 51 77 0
-46 58 -80 0
-2 46 -94 0
-3 -6 94 0
27 -68 -78 0
-16 73 87 0
-24 -25 63 0
10 22 -75 0
-41 -76 -97 0
-61 72 84 0
-12 35 73 0
-4 -37 43 0
-29 -39 45 0
-3 30 -41 0
-1 59 -87 0
20 91 -93 0
1 -33 89 0
-1 2 -16 0
30 46 88 0
-10 42 -77 0
-8 -14 -25 0
-67 -75 82 0
2 -8 -66 0
-36 -75 -89 0
45 48 92 0
36 56 -66 0
46 47 -63 0
4 87 98 0
-10 61 -65 0
11 57 63 0
-38 67 -86 0
-30 53 -79 0
86 -93 -98 0
-35 -63 -85 0
-44 -45 76 0
-38 -51 56 0
9 23 99 0
-2 56 84 0
-14 55 56 0
-11 -38 94 0
-28 -88 -98 0
-54 -68 -94 0
7 48 -68 0
-37 -51 58 0
38 50 57 0
-25 -50 -70 0
-38 54 -95 0
-15 27 -58 0
-20 86 95 0
-10 52 -89 0
33 -54 78 0
16 27 34 0
19 -41 -50 0
19 75 82 0
-53 60 77 0
11 -61 -62 0
23 -29 -34 0
3 -33 46 0
-36 -47 49 0
-2 -33 91 0
-3 14 -35 0
38 -46 67 0
34 41 -70 0
-13 21 49 0
36 -44 92 0
-19 40 91 0
19 62 94 0
-4 -22 70 0
9 -24 -45 0
-49 -53 87 0
-31 74 84 0
-25 27 -53 0
21 23 43 0