p cnf 100 400
1 -91 96 0
-24 -35 88 0
14 -51 62 0
13 31 -51 0
-11 -31 -36 0
13 -17 66 0
36 73 79 0
11 -66 -84 0
8 28 -29 0
9 -47 98 0
73 -97 100 0
26 32 40 0
34 61 86 0
-10 35 74 0
-30 -80 92 0
-15 25 31 0
9 25 74 0
-2 31 79 0
37 40 -44 0
-74 -78 94 0
36 -55 -65 0
-12 -21 -85 0
-53 94 100 0
-31 -42 -52 0
-57 -62 -96 0
57 -58 98 0
-18 -34 98 0
7 -36 -37 0
4 -25 -83 0
7 -19 -29 0
-16 31 -88 0
71 85 98 0
-12 54 62 0
-61 77 89 0
46 47 -88 0
41 -74 -91 0
-3 -47 -83 0
33 73 -84 0
-4 -47 75 0
60 90 97 0
4 28 -37 0
11 64 -66 0
-68 -73 74 0
10 66 -82 0
-3 -24 -49 0
-30 70 95 0
41 64 99 0
30 -69 96 0
17 32 -47 0
87 -93 100 0
-44 62 -66 0
63 91 -96 0
25 -30 -98 0
-16 -89 92 0
-27 56 -88 0
7 -10 46 0
32 -47 89 0
-17 -72 94 0
6 -28 77 0
1 34 79 0
21 -64 98 0
7 38 -45 0
-11 -49 -61 0
-30 44 83 0
-27 29 -87 0
18 62 83 0
-22 63 -100 0
-7 47 -50 0
-41 44 83 0
-48 51 93 0
28 -75 -82 0
-13 19 32 0
-1 -44 82 0
2 6 -100 0
55 -66 67 0
-39 77 -100 0
31 -95 96 0
38 73 91 0
19 44 80 0
-6 62 -92 0
15 61 -84 0
-5 -9 -63 0
25 32 -52 0
66 74 94 0
33 59 60 0
17 -73 -80 0
-6 -13 36 0
-2 -76 90 0
18 24 -27 0
7 31 -80 0
-12 29 -72 0
-30 -52 -59 0
-29 93 94 0
-36 48 58 0
-21 -50 -80 0
37 -84 -99 0
-22 -26 -69 0
-24 -33 -65 0
-25 29 -90 0
-3 -15 50 0
29 -37 89 0
-9 -18 -22 0
-40 44 -80 0
48 -75 81 0
-37 -87 -92 0
10 18 -67 0
36 72 96 0
17 60 84 0
28 -39 100 0
12 -89 94 0
-26 53 82 0
52 -63 -79 0
10 29 42 0
6 48 -50 0
-6 -64 -68 0
-40 55 80 0
15 50 -87 0
50 73 -88 0
6 -47 -88 0
-5 -7 -23 0
-52 -61 100 0
-12 37 54 0
-9 -27 -82 0
21 58 83 0
-46 66 95 0
-55 65 -93 0
18 -83 -87 0
-10 -26 -45 0
-4 -19 -95 0
4 27 96 0
-2 18 -78 0
61 77 85 0
-28 48 93 0
-20 32 54 0
16 22 -60 0
47 -67 95 0
48 49 75 0
10 44 87 0
-25 -42 -49 0
-50 -86 -100 0
19 -39 87 0
-36 60 -67 0
-55 -87 88 0
-20 -46 -79 0
67 -96 -98 0
48 -85 94 0
68 84 -92 0
42 -77 82 0
19 -56 63 0
34 -82 98 0
18 -42 -69 0
-22 87 98 0
1 5 16 0
-43 -87 -95 0
17 74 -100 0
-17 40 98 0
40 65 71 0
50 52 -90 0
-20 39 44 0
-48 -71 88 0
-84 -88 -96 0
41 -42 98 0
11 -85 -90 0
-26 34 -37 0
1 -34 86 0
-68 -75 76 0
2 -26 -71 0
19 -26 -56 0
-44 -70 96 0
32 50 -55 0
49 76 -81 0
-36 50 -64 0
-15 87 -95 0
-68 -89 -96 0
11 20 -87 0
6 33 -75 0
37 -45 -50 0
-41 69 99 0
-36 55 88 0
-29 -82 -97 0
42 -93 95 0
18 -56 -77 0
9 -28 67 0
43 71 -94 0
8 -51 -65 0
-4 75 82 0
-3 -38 -99 0
-45 52 -79 0
10 39 95 0
1 4 17 0
-3 -56 -78 0
27 -29 -51 0
6 -40 68 0
-26 60 98 0
38 68 -89 0
29 -53 98 0
-8 42 -95 0
8 -24 -32 0
28 -40 91 0
-30 -61 94 0
-67 -70 -80 0
13 -38 90 0
-22 -44 -45 0
-17 -40 -73 0
62 65 78 0
6 -39 -88 0
-22 -29 -95 0
-31 85 95 0
-10 61 98 0
38 41 -59 0
20 55 75 0
-5 -64 85 0
-6 -73 -96 0
-16 -33 47 0
-32 71 78 0
44 79 83 0
29 30 99 0
2 44 95 0
-15 35 38 0
3 -22 -35 0
62 -76 -94 0
-10 -75 78 0
-23 60 -85 0
26 -71 -72 0
-3 17 28 0
7 11 -52 0
-8 61 100 0
-59 -84 -91 0
-62 -67 -89 0
-1 -45 57 0
35 -56 -67 0
-57 84 -96 0
-24 50 62 0
-46 -52 55 0
-8 -31 -37 0
14 -22 56 0
-26 53 -73 0
34 54 -77 0
-48 -58 88 0
-11 -33 -48 0
-57 -62 -99 0
-28 -71 -72 0
26 40 79 0
5 61 -95 0
-9 16 77 0
27 43 -46 0
-33 71 -72 0
-5 72 79 0
14 16 -43 0
-19 -29 -69 0
-5 23 -52 0
-1 -9 15 0
-23 31 -57 0
9 26 -51 0
-55 64 96 0
-6 79 -95 0
27 -52 -81 0
5 38 100 0
1 13 31 0
-20 22 80 0
-59 -61 73 0
-7 16 26 0
-21 54 72 0
16 35 81 0
-14 58 69 0
19 -45 70 0
8 41 -55 0
1 70 92 0
-29 36 -100 0
-19 -27 53 0
-5 -8 21 0
-14 -74 78 0
-67 -77 94 0
-18 -50 -60 0
-47 85 -89 0
8 20 -53 0
27 -47 -93 0
-8 -18 93 0
-34 -73 -85 0
2 -19 79 0
29 -36 -81 0
-35 -47 -84 0
24 63 91 0
-43 54 -72 0
-30 -45 91 0
-8 -39 -56 0
13 -28 -51 0
-47 52 84 0
-64 -71 -82 0
32 58 87 0
31 35 69 0
35 -41 87 0
36 -45 78 0
14 -90 96 0
-10 -19 52 0
29 64 -97 0
-22 -64 65 0
-42 70 92 0
-23 71 96 0
39 81 -91 0
-53 -71 75 0
15 -58 80 0
-31 34 50 0
-20 -58 -91 0
38 45 -72 0
27 -55 -64 0
15 -30 -63 0
13 91 -97 0
32 89 96 0
-6 72 76 0
-11 60 -90 0
-9 26 -67 0
4 19 -46 0
11 75 80 0
-32 -85 -90 0
59 71 98 0
-11 -46 -89 0
21 66 -98 0
-28 48 -82 0
-57 -69 95 0
16 -18 -99 0
-11 -39 42 0
-31 43 86 0
39 67 98 0
-6 -18 23 0
26 43 97 0
-48 74 91 0
-39 49 93 0
-12 25 50 0
-21 58 86 0
-23 29 -40 0
-11 -33 79 0
-3 43 -96 0
7 14 -21 0
58 68 -79 0
-1 34 -87 0
-8 18 31 0
-30 -33 35 0
-12 -32 -86 0
-31 50 69 0
6 10 28 0
-13 37 -53 0
-2 34 35 0
-26 44 77 0
-11 -33 -67 0
1 -25 -37 0
60 -75 -82 0
-1 14 -100 0
3 -68 96 0
9 16 -59 0
50 -58 -97 0
6 -33 -73 0
3 -52 85 0
-47 68 100 0
-37 39 81 0
-48 56 77 0
-21 -40 77 0
11 -16 -62 0
-9 33 -85 0
-58 67 100 0
12 -25 -64 0
-6 -36 43 0
-12 23 -51 0
-19 34 -85 0
8 -25 52 0
23 69 -93 0
-31 46 -48 0
27 84 -90 0
-12 88 92 0
9 -81 84 0
-1 -12 48 0
6 61 95 0
15 -96 100 0
7 -8 -62 0
45 -46 -89 0
46 -89 -97 0
25 27 100 0
-2 -37 -75 0
14 19 -51 0
-11 -73 -91 0
31 -64 -91 0
28 -64 79 0
15 -70 97 0
12 -30 89 0
22 -31 -75 0
-46 -75 83 0
53 -70 -98 0
-43 -54 -95 0
49 59 84 0
70 -90 -92 0
18 79 -96 0
-20 40 -78 0
3 46 -90 0
77 -81 -85 0
-9 -76 -83 0
15 44 -75 0
18 19 64 0
21 41 72 0
5 65 81 0
15 -37 58 0