p cnf 100 560
-57 -78 82 0
49 75 92 0
-23 -64 -69 0
36 -57 66 0
-13 -55 65 0
20 52 91 0
-3 -13 -26 0
13 -47 83 0
32 -47 98 0
1 70 80 0
61 -88 99 0
6 -66 -73 0
-23 -30 -39 0
-39 63 85 0
46 48 95 0
-48 -62 72 0
45 -51 71 0
3 60 67 0
23 -29 33 0
-35 -47 92 0
4 -31 -36 0
-75 82 90 0
-17 -88 -94 0
4 -51 -70 0
13 -40 -83 0
-62 67 79 0
68 -85 93 0
-3 -48 -77 0
-22 -54 99 0
49 77 -85 0
-15 67 97 0
6 59 61 0
-6 -16 -70 0
-31 84 87 0
-24 -28 72 0
3 48 -83 0
-14 -53 -87 0
-39 61 77 0
10 -55 90 0
18 -71 89 0
51 97 98 0
17 -27 -82 0
-27 -60 -83 0
-41 83 90 0
5 36 54 0
31 68 -79 0
-14 22 48 0
-15 29 -51 0
-25 68 71 0
42 -69 99 0
14 42 66 0
45 -68 -88 0
5 23 97 0
51 75 91 0
43 -83 95 0
66 -68 -96 0
3 -30 81 0
-3 89 -90 0
-50 86 90 0
-80 -85 -89 0
-81 91 -94 0
-8 87 99 0
-14 -19 -60 0
12 22 -60 0
-12 -21 -36 0
8 73 -82 0
34 38 90 0
-5 18 -37 0
12 -31 -94 0
16 33 -87 0
43 -63 71 0
-13 -17 -33 0
33 96 -99 0
4 22 -47 0
-19 -91 -98 0
-30 -57 -81 0
-9 -47 66 0
-27 -32 -83 0
18 -56 -66 0
58 -65 66 0
-10 -60 -79 0
3 -31 49 0
-2 -70 95 0
32 -46 -66 0
-8 -12 -28 0
-46 -50 -99 0
12 22 -44 0
15 23 74 0
-10 -53 81 0
-30 -48 -82 0
-30 66 82 0
17 34 80 0
1 2 57 0
-9 33 -56 0
-9 21 24 0
-16 19 -49 0
-22 34 -49 0
-28 -43 -96 0
-51 -63 -70 0
-7 20 45 0
-38 60 -67 0
-1 -83 100 0
-20 -31 -96 0
14 25 73 0
21 -76 -99 0
19 58 -70 0
9 -17 -67 0
4 -60 62 0
30 50 90 0
3 34 -51 0
12 -62 -75 0
-37 -80 -99 0
-53 -67 -79 0
-23 75 78 0
-54 -69 -88 0
8 -29 38 0
-31 -33 -61 0
-29 70 -79 0
-32 57 -59 0
62 -63 96 0
-36 69 -82 0
40 -76 -77 0
-46 -66 -91 0
-25 -33 37 0
9 59 77 0
61 -78 -84 0
-3 68 82 0
-9 63 -98 0
-36 47 89 0
-46 -71 87 0
4 10 -82 0
18 -46 -58 0
13 24 -90 0
51 59 65 0
-8 25 66 0
22 -36 49 0
33 -54 -68 0
5 63 90 0
1 28 98 0
36 -83 -96 0
47 -49 96 0
-9 24 -34 0
51 -58 -69 0
14 -22 -90 0
-4 13 -98 0
1 41 -79 0
31 -55 81 0
15 -35 -42 0
83 -91 96 0
-34 43 95 0
24 -40 67 0
-24 29 47 0
-20 73 91 0
-29 39 -73 0
22 -24 -69 0
50 -57 95 0
-20 52 87 0
18 60 -79 0
-17 40 -43 0
-32 42 97 0
16 70 -78 0
-7 -47 85 0
2 -12 -37 0
3 -8 -59 0
32 75 77 0
17 65 71 0
21 -44 -63 0
-13 63 -98 0
-21 36 -38 0
17 -36 48 0
38 -78 89 0
53 80 91 0
7 84 -97 0
-23 57 -97 0
-24 41 -47 0
-40 55 -77 0
12 35 -67 0
65 68 75 0
-21 -46 -95 0
43 56 -71 0
31 53 -68 0
-39 -49 95 0
-23 28 -70 0
50 75 -90 0
-1 11 96 0
-24 28 68 0
-24 -71 -83 0
-9 -25 56 0
28 -58 -86 0
10 36 100 0
20 -21 -31 0
46 66 -83 0
31 -63 93 0
-4 19 -30 0
7 -48 -63 0
-10 -15 -81 0
-52 -79 83 0
13 -14 -50 0
-1 36 43 0
-1 -5 -73 0
39 -47 -71 0
-22 31 92 0
-44 81 -86 0
-22 45 -86 0
4 -20 -96 0
-19 -27 -87 0
-3 16 100 0
-68 70 73 0
-33 -50 79 0
2 -17 -46 0
24 -28 -48 0
-47 -56 92 0
-35 -38 -90 0
-25 -34 98 0
-36 94 -96 0
-62 94 96 0
-45 -52 -92 0
-8 55 66 0
34 -61 92 0
-6 -35 98 0
9 30 59 0
29 62 -83 0
-1 22 41 0
-60 -70 -97 0
-26 52 56 0
2 -30 -64 0
-11 -42 -78 0
-1 -7 47 0
8 -17 -90 0
49 64 77 0
32 -80 -83 0
-19 -89 90 0
16 68 94 0
-40 66 94 0
-64 -79 90 0
11 -42 76 0
-18 -41 45 0
-37 -76 89 0
-1 15 -36 0
-13 28 81 0
-59 -81 94 0
-38 -40 43 0
39 49 -95 0
30 -40 59 0
-8 -55 -63 0
8 15 -66 0
-7 -16 25 0
3 -62 80 0
53 -58 -83 0
-13 26 -82 0
-34 -51 92 0
-37 55 98 0
44 -59 -92 0
15 -82 100 0
-15 51 52 0
18 -52 -66 0
11 -66 84 0
32 -44 90 0
50 67 68 0
14 16 40 0
38 39 51 0
29 -55 68 0
-11 63 94 0
-41 -51 -85 0
3 -36 -87 0
63 64 -94 0
-23 -39 52 0
36 38 -87 0
9 24 -87 0
5 63 98 0
-3 24 80 0
-34 -50 59 0
-31 54 81 0
7 -15 -80 0
-53 -55 61 0
-14 -26 -62 0
30 -38 83 0
9 -12 93 0
17 20 -46 0
-45 -59 -90 0
50 53 -67 0
66 -77 91 0
6 -21 -47 0
13 -42 -59 0
59 -76 -94 0
7 -43 87 0
22 55 73 0
79 -85 92 0
-10 -15 67 0
-7 -44 48 0
-34 73 -96 0
52 -59 -64 0
6 18 -25 0
-4 56 71 0
57 70 -98 0
-22 -34 95 0
22 50 54 0
43 -45 -71 0
4 -42 88 0
-52 -64 -87 0
-14 -61 98 0
-29 -31 -45 0
-6 32 48 0
-23 -40 -99 0
1 -48 67 0
8 -36 70 0
18 42 -45 0
-37 -85 95 0
50 -62 98 0
11 75 80 0
55 -80 100 0
-3 30 96 0
-39 -45 73 0
7 -39 -49 0
-21 -75 -80 0
25 -55 -72 0
30 -51 -73 0
36 -73 -88 0
-15 -74 90 0
-11 -38 72 0
-69 -71 91 0
16 61 97 0
-49 -82 -94 0
6 19 56 0
39 80 -98 0
-19 36 69 0
-47 -58 76 0
-71 75 80 0
14 -44 -54 0
-22 76 -98 0
-34 -60 82 0
-27 -51 70 0
1 -14 74 0
-19 47 -81 0
-33 -49 -99 0
83 -84 100 0
-6 -9 49 0
4 -13 33 0
-36 51 58 0
2 8 61 0
20 -47 -60 0
46 61 97 0
-29 -46 -50 0
-12 46 94 0
-24 -43 -72 0
61 -83 95 0
-5 22 51 0
60 -69 -81 0
-8 30 -91 0
4 66 -94 0
-20 43 -74 0
-8 58 -63 0
-28 57 73 0
2 24 77 0
8 -42 60 0
-1 47 61 0
3 -22 43 0
-4 -20 50 0
60 87 95 0
-65 -87 -90 0
44 67 -77 0
-19 -28 -43 0
-12 -29 79 0
-58 68 69 0
-45 80 -86 0
-53 67 75 0
38 -58 -79 0
-38 -50 -51 0
59 -62 72 0
17 -25 -47 0
-16 -36 -51 0
-36 -44 -70 0
10 44 72 0
6 52 65 0
-12 -48 -99 0
8 82 -97 0
10 -21 -27 0
-25 -48 84 0
-1 47 -53 0
-24 -71 88 0
58 80 -94 0
-8 65 90 0
-11 -13 -17 0
70 72 -87 0
-4 -86 94 0
17 -36 -56 0
-1 -7 -48 0
-22 44 59 0
54 -59 -70 0
14 -28 79 0
-1 -16 86 0
16 -43 -58 0
-16 46 85 0
7 -20 -36 0
-20 65 -66 0
19 67 91 0
26 -47 -49 0
-39 -80 -81 0
4 -73 -86 0
-8 56 90 0
-63 -89 99 0
24 33 45 0
-60 63 -66 0
-25 -61 -78 0
-24 -63 -66 0
-80 93 96 0
22 -53 -64 0
-4 16 -36 0
45 -62 -97 0
19 43 46 0
48 -64 -97 0
3 16 -95 0
55 75 -78 0
46 -62 81 0
8 40 75 0
56 -58 -90 0
-8 -51 91 0
-9 -80 -93 0
45 46 60 0
42 -62 97 0
-10 -65 -67 0
6 27 73 0
-38 44 -78 0
12 82 86 0
-69 -76 77 0
-31 40 -94 0
-8 14 48 0
-13 20 -86 0
-33 35 82 0
-9 -20 76 0
27 -35 -44 0
-33 -35 66 0
3 8 84 0
-17 -20 100 0
6 -77 -78 0
-10 -14 52 0
-21 81 89 0
-84 92 97 0
-9 33 64 0
-8 -21 -82 0
-3 50 -67 0
48 -86 97 0
-1 -7 -20 0
53 72 100 0
-11 51 -98 0
6 -51 77 0
4 34 57 0
22 55 67 0
-35 -59 93 0
-47 56 -83 0
-2 22 35 0
28 36 -79 0
-11 39 49 0
45 69 -87 0
-24 -55 -78 0
15 21 -27 0
15 -46 -77 0
9 21 61 0
12 43 -46 0
2 24 47 0
-11 -51 74 0
36 75 77 0
18 28 80 0
-6 -39 98 0
-15 16 98 0
38 -39 -98 0
-31 -45 54 0
3 -45 71 0
-45 -60 89 0
-35 82 90 0
29 -81 -97 0
11 -27 -93 0
-4 -60 90 0
10 -62 73 0
64 81 -89 0
-39 55 -89 0
-32 -72 -89 0
16 -31 -61 0
17 61 87 0
-20 86 94 0
-15 -66 93 0
36 95 96 0
16 -66 -71 0
-23 -67 -80 0
10 56 -87 0
-21 36 -74 0
43 -61 -82 0
-3 12 90 0
-45 63 93 0
59 69 97 0
-14 25 75 0
-4 -44 -90 0
-10 -49 -89 0
-13 -53 -95 0
9 48 -84 0
-3 28 86 0
-6 65 96 0
72 -88 89 0
-67 -81 -96 0
27 74 -79 0
2 27 -34 0
-48 -54 70 0
-24 25 -33 0
-9 83 -92 0
-15 30 -31 0
-6 71 -80 0
4 -53 70 0
35 -47 -60 0
8 33 45 0
-1 39 87 0
-4 14 70 0
-3 63 -80 0
-43 -62 -86 0
43 57 -82 0
5 -67 94 0
9 -69 -95 0
14 98 100 0
-44 -45 89 0
-4 26 93 0
-61 -73 -98 0
74 -76 95 0
-20 -59 95 0
-36 -42 -68 0
-4 -63 -66 0
-36 53 -78 0
-33 41 -94 0
47 -87 -88 0
31 46 -49 0
6 -24 -54 0
-68 -79 91 0
-20 21 38 0
-20 39 97 0
6 -45 81 0
-27 54 -72 0
23 -39 41 0
12 57 -70 0
20 -32 -37 0
-11 -23 96 0
15 40 97 0
28 47 79 0
-54 -61 96 0
9 59 -90 0
11 51 -74 0
-4 -15 -77 0
66 80 -90 0
9 -30 48 0
-77 78 -97 0
-62 -85 -89 0
83 86 97 0
27 -54 -57 0
1 12 -61 0
46 -84 98 0
-25 28 -57 0
-9 27 -90 0
5 -33 40 0
-66 67 99 0
-12 57 60 0
-17 51 67 0
11 30 -90 0
-1 -19 -90 0