p cnf 100 440
32 63 69 0
-15 17 -80 0
-12 -52 54 0
-26 -58 -80 0
63 86 -100 0
15 -59 -100 0
-7 -34 73 0
39 78 98 0
-24 41 -81 0
13 -78 94 0
-69 -77 -94 0
-2 -27 -69 0
-31 -72 -77 0
-3 29 41 0
11 34 62 0
48 61 89 0
34 -51 97 0
-36 46 92 0
-14 29 -76 0
-38 -66 -94 0
58 -85 -88 0
15 -69 79 0
10 30 65 0
-39 76 -84 0
17 45 64 0
33 -37 68 0
26 -59 85 0
-34 58 95 0
8 -52 -63 0
3 -13 -79 0
-45 57 -74 0
-42 -62 67 0
-15 -30 52 0
8 -25 -83 0
-10 -28 71 0
17 -44 -65 0
-47 -67 81 0
-13 -17 75 0
51 85 92 0
-3 29 82 0
34 -53 -67 0
-29 -57 -77 0
-26 62 -80 0
13 42 65 0
-78 -82 -99 0
14 42 75 0
-10 19 -92 0
-5 35 -66 0
-6 -41 -84 0
7 -83 97 0
3 57 -60 0
7 39 41 0
-8 -33 34 0
-43 -57 89 0
19 -34 67 0
34 64 95 0
-11 56 66 0
1 21 -85 0
29 -54 -59 0
37 -98 -100 0
41 55 -62 0
19 58 97 0
61 76 -86 0
15 -45 78 0
-22 28 -80 0
-61 -74 -75 0
-7 -73 -85 0
-6 81 99 0
20 27 37 0
2 19 -75 0
-26 31 -33 0
23 -63 86 0
-10 -50 -72 0
11 -19 38 0
-29 -67 -75 0
-33 -45 -81 0
21 26 -28 0
6 -49 -96 0
50 62 -65 0
-38 85 100 0
14 -41 -97 0
45 63 79 0
-74 -89 94 0
-51 -67 -85 0
44 -50 -76 0
-16 39 -99 0
-25 29 74 0
6 28 -36 0
10 43 82 0
-14 -61 80 0
-29 -30 -35 0
11 -50 54 0
-40 78 -88 0
-30 -33 -100 0
-6 -62 74 0
-15 37 -56 0
32 47 84 0
2 32 -42 0
8 35 83 0
34 -38 53 0
-13 50 72 0
10 40 67 0
2 -5 41 0
-15 -19 46 0
1 -40 -72 0
-10 41 -85 0
21 36 -41 0
39 58 -60 0
-19 -35 80 0
63 64 -69 0
26 27 96 0
-55 -63 85 0
8 -41 -83 0
-51 -62 -64 0
-12 38 -46 0
-46 47 95 0
6 43 -88 0
-37 -61 -66 0
61 68 84 0
6 -75 -81 0
9 -31 44 0
-10 27 -47 0
20 69 86 0
-18 -55 -66 0
14 16 21 0
-16 -34 50 0
-7 -26 91 0
-28 -39 -98 0
-14 91 99 0
28 -88 -97 0
-26 74 99 0
-28 -35 81 0
-9 14 24 0
27 80 84 0
-53 75 -87 0
-3 -50 -60 0
61 -88 90 0
28 -44 -64 0
39 58 65 0
-86 -87 -96 0
-9 -40 -70 0
45 50 68 0
-19 -37 76 0
3 50 83 0
-2 34 66 0
-40 44 56 0
-7 60 85 0
-5 70 72 0
-61 -69 -75 0
50 83 -97 0
50 -82 89 0
-59 84 90 0
7 33 -47 0
3 -27 43 0
-18 28 -60 0
-60 73 -80 0
-19 -23 25 0
43 -89 99 0
-18 -21 -49 0
-42 57 73 0
9 30 -38 0
6 66 99 0
41 81 -87 0
73 -82 94 0
-4 24 -48 0
17 36 -91 0
13 23 -98 0
23 -61 -70 0
8 -21 81 0
67 91 -93 0
1 53 60 0
-15 -18 -71 0
51 70 -73 0
13 -14 36 0
-8 10 91 0
-13 56 -84 0
5 -25 -40 0
-34 -47 50 0
-9 33 84 0
-13 -71 -93 0
-16 85 -93 0
31 32 65 0
71 88 -96 0
-72 -97 -98 0
6 18 -59 0
-48 64 -99 0
-5 9 -22 0
49 61 68 0
8 11 -18 0
10 -55 -86 0
74 -75 -92 0
-6 -41 65 0
-18 -23 77 0
-18 66 -81 0
-11 60 -74 0
25 70 81 0
2 29 -61 0
49 -58 -62 0
-10 -48 -76 0
-24 -49 64 0
7 50 73 0
2 3 34 0
-30 -95 100 0
12 -65 71 0
-1 39 77 0
1 49 56 0
13 -24 -96 0
-49 52 -68 0
7 -52 -93 0
48 74 81 0
19 -92 -95 0
56 71 86 0
26 69 -97 0
9 -19 86 0
14 31 80 0
-3 46 95 0
58 71 99 0
32 -47 -84 0
-51 74 100 0
-28 73 81 0
-86 -92 98 0
-12 -20 -48 0
2 -23 54 0
-43 -68 -88 0
12 22 -73 0
-20 -29 30 0
-5 -29 55 0
8 -62 97 0
-12 -15 99 0
-55 -59 73 0
-20 39 96 0
-14 -20 -23 0
43 61 96 0
-69 -72 -94 0
34 61 91 0
-7 -8 -97 0
18 -29 -94 0
-23 28 59 0
-17 80 97 0
-4 -23 64 0
34 -35 51 0
4 -9 26 0
3 6 99 0
45 -47 -61 0
-12 27 88 0
29 -57 72 0
45 79 93 0
64 -77 84 0
14 -45 -91 0
17 -38 62 0
-7 64 -94 0
-41 46 84 0
-56 85 -99 0
73 82 90 0
57 -82 85 0
-3 10 -99 0
-49 -81 86 0
50 -66 97 0
11 23 -64 0
-44 50 -96 0
14 20 93 0
72 84 98 0
-14 60 -89 0
-48 61 77 0
12 52 56 0
44 54 -66 0
40 -69 -99 0
-27 -48 -56 0
29 73 -87 0
4 76 77 0
23 -47 -98 0
7 42 -47 0
-27 -44 90 0
34 -73 78 0
4 12 37 0
-20 54 95 0
39 47 89 0
-1 -62 84 0
8 -64 73 0
17 69 -90 0
12 54 78 0
17 18 -61 0
28 -52 56 0
7 -19 91 0
-17 57 67 0
-34 92 97 0
-10 16 46 0
-17 27 81 0
-37 71 76 0
16 17 -73 0
55 64 -70 0
-14 -19 -24 0
-76 -78 91 0
32 -90 92 0
-88 -89 -93 0
7 -44 88 0
-5 93 -100 0
-3 -56 74 0
36 75 85 0
71 -72 -77 0
-20 -32 -37 0
53 -71 -72 0
-5 10 84 0
32 69 -82 0
-74 -80 81 0
-14 36 53 0
-18 -32 37 0
-33 -49 75 0
-52 -65 87 0
65 -81 -96 0
77 -81 89 0
-3 -68 -97 0
4 30 57 0
-8 72 -77 0
-14 63 -91 0
-24 77 79 0
20 -28 55 0
38 -43 93 0
-3 31 69 0
18 -65 -69 0
41 -51 86 0
3 25 -93 0
-59 80 87 0
50 -54 58 0
57 65 96 0
-3 -23 -79 0
-36 68 90 0
-7 -18 96 0
39 -50 -77 0
-6 27 69 0
18 -81 -88 0
20 31 73 0
-8 57 -90 0
17 24 97 0
-15 84 -98 0
55 58 -77 0
-3 19 -58 0
6 -19 70 0
-14 -58 86 0
27 54 -72 0
-56 60 89 0
7 26 55 0
8 -20 -92 0
12 16 82 0
25 -53 86 0
49 89 91 0
-5 37 -82 0
1 -37 -74 0
-26 -51 56 0
-20 -66 69 0
-13 37 -64 0
-14 -40 -49 0
28 -47 57 0
-64 74 84 0
13 -30 44 0
1 -11 72 0
20 21 -84 0
42 63 -71 0
-30 79 -94 0
46 59 70 0
62 -70 93 0
5 20 -73 0
41 63 99 0
-12 38 -44 0
9 -14 72 0
5 -15 -76 0
-4 12 64 0
-27 50 81 0
16 37 -54 0
6 -80 -82 0
-4 43 -47 0
23 -25 50 0
-11 30 83 0
26 -79 -92 0
5 41 68 0
74 76 96 0
7 19 -83 0
4 -6 34 0
-1 16 30 0
-23 -89 99 0
11 15 28 0
-7 49 96 0
6 34 88 0
-17 -68 91 0
-19 69 -71 0
-25 27 -90 0
-36 45 -90 0
-50 52 -84 0
-3 43 -68 0
-6 -35 -40 0
-5 -76 81 0
-60 65 85 0
10 -91 96 0
55 71 100 0
-32 42 70 0
18 -54 91 0
27 -60 94 0
-18 -40 -91 0
22 42 83 0
12 -48 -65 0
54 -66 76 0
-21 25 35 0
-50 -58 -73 0
-24 -34 -87 0
-19 55 -66 0
-17 -53 98 0
-8 16 93 0
14 -19 -92 0
5 30 38 0
-9 15 -90 0
-13 28 -53 0
22 44 91 0
5 -30 -90 0
-34 -39 84 0
30 -51 -94 0
9 -92 -100 0
5 -58 68 0
-58 -74 -80 0
-39 -41 73 0
49 -57 -94 0
11 52 63 0
1 14 -19 0
16 45 -85 0
47 -51 57 0
2 -63 96 0
-64 -76 93 0
-38 50 -70 0
-13 -69 -84 0
49 -88 -97 0
-4 20 33 0
-9 -21 77 0
4 22 -42 0
4 -24 26 0
28 -74 -82 0
-8 23 -53 0
-36 42 -90 0
-11 50 -97 0
4 44 -53 0
51 -70 -71 0
18 82 -97 0