p cnf 100 340
-15 64 -80 0
24 51 90 0
39 -56 -83 0
-31 45 56 0
5 75 91 0
89 -94 -99 0
12 -43 -69 0
31 -60 -86 0
5 -36 -55 0
42 51 74 0
-39 42 -59 0
7 11 -74 0
26 37 -61 0
51 56 -83 0
28 70 -85 0
12 -41 -74 0
-21 -26 71 0
64 -83 -85 0
-34 36 -47 0
81 93 96 0
-13 -20 74 0
-43 -47 67 0
32 34 -69 0
5 46 -92 0
-55 -82 90 0
25 -40 61 0
-46 55 97 0
-32 -59 -81 0
15 -57 84 0
-36 -56 68 0
-80 -86 98 0
-18 61 73 0
14 32 -82 0
15 -79 -86 0
34 37 -55 0
61 66 68 0
30 -42 -95 0
46 61 -88 0
8 17 -82 0
-5 16 64 0
-24 44 85 0
13 27 -29 0
19 -70 -82 0
5 -60 89 0
43 49 51 0
-4 62 -96 0
14 20 36 0
-6 17 -44 0
9 26 -88 0
37 49 55 0
4 17 92 0
15 25 54 0
-6 20 54 0
-1 6 -29 0
15 24 -93 0
31 -42 -82 0
-52 93 -99 0
-39 58 -100 0
48 60 76 0
-30 31 -51 0
-46 59 76 0
12 -21 100 0
49 -84 97 0
36 43 -47 0
-35 -76 -98 0
-16 38 72 0
2 -43 72 0
-28 53 97 0
33 39 67 0
-26 58 -96 0
-61 -66 70 0
23 43 61 0
3 51 74 0
-21 34 -60 0
-9 54 68 0
-4 78 -91 0
5 -46 95 0
9 -19 -66 0
-23 39 52 0
-15 55 57 0
-38 45 56 0
50 -60 -66 0
-48 -63 86 0
41 -57 -60 0
38 -69 94 0
40 76 -84 0
63 -93 -97 0
-18 -54 -74 0
13 -41 -99 0
-18 -51 -90 0
-14 -70 -92 0
2 42 -81 0
11 31 96 0
1 12 72 0
-11 -40 90 0
-5 -72 -97 0
-22 29 -82 0
-6 60 91 0
44 -76 97 0
12 26 91 0
-70 90 -98 0
29 -57 82 0
13 80 -98 0
3 22 -93 0
-21 41 98 0
-47 77 85 0
-25 32 96 0
51 58 62 0
27 28 -42 0
-37 39 -55 0
17 24 74 0
-10 77 -80 0
-20 23 96 0
-33 -68 98 0
19 -58 -91 0
-33 -93 -96 0
11 44 -47 0
-4 14 91 0
-31 56 -79 0
-8 55 -78 0
28 31 40 0
5 19 72 0
-58 79 -82 0
17 -60 73 0
12 36 68 0
-9 85 89 0
-5 65 75 0
58 -59 -76 0
-32 51 -62 0
41 96 99 0
9 44 85 0
-29 50 80 0
3 36 -46 0
2 85 89 0
-10 91 -98 0
-9 30 100 0
-66 -94 -100 0
-4 -55 93 0
21 -66 -96 0
28 -31 89 0
-18 -28 -66 0
8 -39 59 0
-15 28 -83 0
-38 91 -95 0
-10 48 -58 0
-23 34 -83 0
74 -87 96 0
-24 -47 -52 0
-15 43 46 0
58 91 -96 0
4 23 27 0
2 -37 67 0
-80 83 -100 0
21 53 60 0
-21 42 -47 0
-2 9 -88 0
-5 58 77 0
-33 74 77 0
27 -47 -96 0
-34 -74 -81 0
23 88 -98 0
47 -64 94 0
-13 22 -60 0
-1 27 -48 0
4 12 97 0
-20 50 88 0
-14 -45 74 0
-12 -35 -37 0
-23 -44 -59 0
-37 -72 -89 0
57 74 92 0
11 35 61 0
3 29 62 0
-36 63 68 0
-22 23 100 0
36 -54 -56 0
-2 -36 52 0
16 -23 92 0
-1 28 -88 0
-31 35 -91 0
59 78 91 0
-9 -11 -64 0
61 -66 -94 0
8 -12 -53 0
16 78 -87 0
13 50 75 0
32 -59 -62 0
26 43 -83 0
23 40 61 0
-8 -45 92 0
-19 -46 67 0
27 65 -91 0
34 -63 -89 0
8 87 91 0
-18 87 -88 0
-38 -58 -82 0
52 57 -68 0
-26 -78 -94 0
-7 67 95 0
-44 -45 -55 0
13 -32 -65 0
-30 38 39 0
19 97 -100 0
-9 -17 -38 0
-11 -32 -97 0
13 85 86 0
18 -50 64 0
5 -45 -81 0
-10 -53 55 0
-4 -16 64 0
65 -87 -89 0
-36 54 -61 0
57 65 -70 0
54 68 87 0
-54 -71 -93 0
7 -18 -39 0
-55 -68 -97 0
-4 -6 -54 0
45 86 91 0
-39 -44 45 0
-8 65 84 0
-16 49 58 0
-16 33 76 0
-66 -75 77 0
8 -71 -94 0
-35 -55 -92 0
40 75 93 0
3 -9 -18 0
-8 -37 71 0
-35 -41 -96 0
-33 84 -96 0
55 77 92 0
27 -41 45 0
3 -10 97 0
13 18 -33 0
22 28 93 0
-3 22 -87 0
41 70 85 0
-36 -80 91 0
-8 -64 65 0
39 -43 -65 0
-3 -52 -58 0
-66 -74 75 0
-75 -76 92 0
-26 54 -70 0
-20 64 -78 0
46 48 73 0
13 -19 44 0
5 57 80 0
-2 -11 -24 0
15 55 -91 0
11 75 -89 0
17 -37 -90 0
10 -30 73 0
-30 -47 68 0
15 -55 60 0
-5 -38 -91 0
64 -73 78 0
-7 66 -74 0
16 -19 38 0
16 59 -98 0
26 39 56 0
-27 -52 69 0
-22 54 -79 0
-17 39 75 0
-21 40 82 0
34 -44 46 0
-5 7 38 0
41 -44 -53 0
-42 47 -88 0
-66 -86 -92 0
-9 -36 77 0
9 29 -57 0
-17 49 -91 0
-46 -77 86 0
-17 -41 78 0
30 57 87 0
-55 -87 -90 0
42 59 74 0
9 79 99 0
-39 -50 64 0
18 28 37 0
49 50 77 0
-30 32 -77 0
-2 39 91 0
12 13 56 0
-28 86 -87 0
-7 -32 -51 0
9 -45 -88 0
4 -80 95 0
63 -71 -100 0
-22 -45 51 0
12 14 49 0
-8 38 42 0
-13 17 34 0
-5 -10 90 0
-57 -67 -72 0
16 -28 -34 0
7 39 -91 0
15 46 97 0
-44 -48 95 0
20 87 89 0
-14 -23 -89 0
-36 -50 -93 0
19 -25 91 0
-59 66 100 0
9 17 31 0
29 -37 78 0
-16 92 97 0
3 -6 -78 0
16 29 87 0
-29 53 -72 0
1 44 63 0
43 -88 89 0
43 57 -60 0
-27 32 69 0
26 -35 76 0
37 43 -85 0
-5 30 73 0
40 47 -95 0
17 85 92 0
-26 49 -63 0
4 35 91 0
-28 41 50 0
19 -43 65 0
-33 62 69 0
9 -39 81 0
1 -26 96 0
-25 -84 92 0
-9 -13 56 0
44 -63 89 0
23 -99 100 0
-18 -60 -65 0
-9 -37 -91 0
-46 -67 -82 0
-12 56 80 0
-20 -95 -97 0
7 -43 80 0
10 16 87 0
19 -20 -60 0