p cnf 100 600
16 -41 -77 0
-17 30 -56 0
23 32 100 0
51 59 69 0
-14 -84 -87 0
65 89 -93 0
-14 -35 78 0
-62 74 -92 0
40 -56 -70 0
-65 68 70 0
-13 79 -80 0
5 -29 78 0
65 -96 -99 0
48 52 -65 0
16 26 -60 0
8 52 -91 0
-2 -71 -88 0
31 85 -97 0
-36 -38 69 0
34 -75 87 0
-27 55 95 0
-59 -80 -100 0
-9 21 51 0
-18 39 81 0
42 52 -83 0
-1 48 84 0
-27 32 -87 0
12 15 76 0
-17 58 -61 0
45 56 58 0
31 33 50 0
-40 -62 -73 0
48 76 -92 0
-11 32 42 0
3 37 98 0
-37 -53 82 0
2 4 -17 0
-25 46 -85 0
15 27 89 0
-3 28 -61 0
76 80 -86 0
61 -63 -67 0
12 24 35 0
44 -78 83 0
-26 -43 -81 0
-17 47 95 0
-12 61 -99 0
-10 21 -43 0
-15 41 -100 0
20 -68 -71 0
9 24 -59 0
23 -37 92 0
-7 -8 -39 0
5 19 86 0
14 21 -25 0
-9 -61 -89 0
59 -65 -68 0
14 25 94 0
-11 -43 -66 0
86 87 100 0
70 71 96 0
-9 88 98 0
-8 -44 -47 0
33 -81 82 0
31 71 -84 0
-8 -98 100 0
1 -15 38 0
8 -19 45 0
-21 45 -79 0
-9 57 -71 0
40 -42 61 0
-37 -42 -81 0
-26 -75 97 0
29 56 -71 0
20 -26 81 0
-25 28 92 0
-65 73 88 0
15 -25 72 0
21 85 -94 0
10 42 -46 0
12 -44 -64 0
4 -53 -96 0
49 73 -83 0
-2 -62 66 0
-4 -53 75 0
-13 -34 84 0
42 44 -94 0
6 21 -24 0
41 -62 80 0
-37 54 -93 0
-8 -31 -35 0
53 -64 65 0
-24 -26 52 0
26 -32 -76 0
-9 34 64 0
4 45 -92 0
10 45 83 0
2 34 -69 0
-5 -54 -93 0
4 22 89 0
10 14 -89 0
-1 -79 96 0
-5 -16 59 0
11 -57 -61 0
-8 58 74 0
-7 -22 -85 0
-2 81 -85 0
45 -77 -82 0
27 83 -88 0
18 34 -42 0
57 -62 -88 0
14 -42 -92 0
23 66 67 0
-13 -24 -87 0
-35 37 -49 0
-17 -21 75 0
-44 82 99 0
22 41 52 0
-38 -47 -87 0
3 -89 -100 0
-1 -51 74 0
-31 -36 74 0
11 -16 -46 0
15 -41 66 0
-19 -30 98 0
-6 -33 86 0
10 38 -42 0
58 -92 96 0
-19 70 73 0
-26 37 -52 0
-65 -77 94 0
23 -34 -46 0
58 69 -96 0
19 67 87 0
-8 -69 -82 0
-34 35 94 0
13 14 -51 0
7 -29 68 0
87 -97 98 0
75 76 91 0
-26 77 -95 0
2 -32 -41 0
-7 37 -56 0
-59 64 -81 0
-10 55 -81 0
-38 -84 -94 0
45 -48 97 0
-3 34 80 0
-16 -29 100 0
-36 -63 86 0
44 63 80 0
31 38 77 0
-46 47 -64 0
-34 52 72 0
-2 56 -69 0
21 -82 93 0
19 71 95 0
-20 79 100 0
3 -4 52 0
-80 -96 -97 0
-33 -54 -75 0
-30 43 -70 0
13 -61 -70 0
-36 -38 71 0
-3 4 -9 0
-11 -28 83 0
-16 -35 85 0
-26 -63 -96 0
3 59 -77 0
-7 18 -55 0
13 -37 -69 0
-28 -51 -85 0
6 -60 -94 0
32 54 -99 0
-6 -51 82 0
55 -85 -88 0
9 32 54 0
41 -51 -72 0
24 -57 -83 0
-26 -41 68 0
-33 -41 47 0
14 -35 96 0
-20 35 -87 0
-33 41 68 0
27 -55 72 0
4 -47 -80 0
-22 -64 91 0
6 13 -14 0
-6 18 33 0
-41 -66 -100 0
47 -72 -89 0
-58 71 -74 0
27 56 -74 0
10 49 88 0
17 -19 94 0
23 -47 -64 0
-8 -23 -30 0
11 78 82 0
9 12 95 0
11 -38 -90 0
-21 -24 55 0
-24 74 -94 0
-14 -59 -96 0
7 -21 76 0
-7 10 -33 0
-9 48 -84 0
22 51 -61 0
7 79 87 0
10 -18 93 0
12 20 -78 0
30 -57 -61 0
11 -34 56 0
10 91 -97 0
33 46 -62 0
-55 -66 77 0
2 45 100 0
3 -28 88 0
62 80 82 0
1 -50 -61 0
-23 -28 -34 0
17 -33 -80 0
4 -94 -97 0
-14 81 100 0
-12 -57 91 0
24 72 98 0
-26 53 71 0
19 23 65 0
-43 -50 66 0
6 -76 80 0
-1 12 -62 0
-13 41 54 0
18 -22 -49 0
-4 -41 -68 0
23 -79 -97 0
-30 -64 -71 0
59 88 91 0
3 33 -87 0
44 75 -86 0
-5 40 -51 0
-30 -71 -87 0
7 10 52 0
-35 -64 -82 0
2 -69 76 0
61 -90 91 0
20 -24 79 0
-13 -15 -17 0
56 91 -94 0
-24 38 -41 0
-9 67 -86 0
-8 14 -34 0
-43 -77 84 0
24 56 83 0
-3 -37 -84 0
45 -76 -87 0
-35 80 -87 0
-1 -56 79 0
-5 14 -31 0
-6 -70 -82 0
71 81 -87 0
-42 59 -62 0
38 62 -95 0
2 -45 88 0
17 27 -42 0
24 -48 75 0
-59 -63 73 0
1 70 -88 0
8 -40 87 0
17 -23 -90 0
-38 -76 94 0
51 -52 78 0
34 -61 78 0
31 35 -94 0
12 74 86 0
21 -45 67 0
19 23 42 0
29 38 -64 0
26 -44 50 0
13 24 96 0
-73 -92 96 0
-5 10 -90 0
1 -17 -60 0
13 20 27 0
5 -65 -99 0
-11 39 85 0
-41 -86 -88 0
49 61 83 0
-22 -90 97 0
-48 64 -87 0
-25 29 -32 0
26 37 93 0
11 93 100 0
45 -66 70 0
-23 45 63 0
-9 70 96 0
-15 -20 -70 0
-16 51 -97 0
40 -56 90 0
47 52 72 0
35 38 -95 0
-12 15 29 0
-20 54 79 0
-16 58 64 0
-13 -75 99 0
50 -52 -65 0
-18 21 34 0
-27 46 59 0
25 26 -89 0
-6 61 93 0
46 -81 85 0
23 -84 87 0
20 58 -83 0
-21 27 44 0
53 69 -82 0
28 -74 94 0
-91 95 99 0
47 56 57 0
22 -45 92 0
15 -17 58 0
35 48 -69 0
-14 22 -78 0
-46 67 -84 0
-30 -60 -77 0
-31 32 -78 0
-16 -29 -92 0
-6 75 -87 0
54 -64 87 0
24 -54 92 0
36 -66 -95 0
47 85 86 0
-14 37 45 0
18 -71 -81 0
-54 61 -83 0
-8 23 42 0
47 85 -92 0
-1 79 85 0
-29 37 -79 0
41 -47 83 0
-4 44 81 0
-22 38 -43 0
38 -67 -71 0
15 49 71 0
-20 -58 -98 0
-9 -27 -60 0
50 60 90 0
-43 64 -69 0
3 7 84 0
17 -76 93 0
-13 -66 -78 0
-65 -80 94 0
-12 26 -68 0
4 43 45 0
46 -73 80 0
-49 -65 -85 0
-35 70 -85 0
-32 -46 67 0
29 78 -89 0
16 17 56 0
-41 -48 -90 0
-11 26 56 0
-9 -50 83 0
-16 -27 -86 0
-28 -34 -92 0
-10 33 54 0
-34 -58 -61 0
7 -70 -81 0
2 -22 93 0
-2 13 20 0
83 -84 92 0
-14 19 41 0
4 19 -33 0
-59 67 -83 0
-41 52 -63 0
22 -98 99 0
-3 -10 -91 0
58 -72 92 0
31 55 83 0
-67 71 -75 0
-35 -54 -60 0
17 93 94 0
20 -51 -69 0
-6 18 70 0
46 57 -91 0
9 69 -81 0
30 31 -69 0
21 -57 92 0
30 -53 73 0
7 -24 -64 0
31 51 91 0
24 90 99 0
-3 16 85 0
41 43 -51 0
-1 3 -33 0
13 35 -56 0
-28 -30 -41 0
-2 48 65 0
-14 31 -84 0
16 -20 -86 0
30 -94 97 0
-27 -39 98 0
36 56 99 0
-8 -76 86 0
41 -54 59 0
5 71 98 0
50 -69 -86 0
9 12 43 0
45 -55 69 0
-39 41 -94 0
-27 -51 -80 0
3 -23 -89 0
10 -28 47 0
20 -85 89 0
-5 30 -44 0
65 -92 95 0
6 -43 94 0
-56 90 96 0
29 -59 -100 0
-46 -84 99 0
37 73 -88 0
59 78 -100 0
-77 92 97 0
29 89 94 0
24 -55 -85 0
13 28 -31 0
32 -72 85 0
48 -52 -75 0
20 32 90 0
8 -35 95 0
-20 -69 80 0
-90 -92 98 0
29 54 -75 0
-10 -22 -40 0
-43 56 96 0
8 12 -44 0
-6 16 -27 0
15 -41 81 0
7 -62 -100 0
-6 -42 -65 0
-28 -29 86 0
4 62 -87 0
7 12 -79 0
16 26 -40 0
14 34 99 0
-2 -41 -68 0
30 -81 86 0
67 69 -82 0
-37 56 -100 0
-12 18 -27 0
-13 52 -93 0
-21 83 -94 0
50 51 -64 0
17 -32 92 0
50 -61 -85 0
-48 56 89 0
32 78 99 0
-37 -46 -77 0
-7 -34 59 0
11 -32 -56 0
-20 -24 -31 0
-11 -82 -100 0
-42 -74 -94 0
43 79 -87 0
-14 42 -86 0
4 46 -72 0
9 25 74 0
-33 40 63 0
-27 37 -95 0
16 28 86 0
5 -19 59 0
-29 -87 -95 0
-9 18 82 0
25 58 -92 0
-7 34 59 0
-22 58 97 0
8 44 -62 0
-8 -66 -80 0
2 -53 70 0
-30 -57 100 0
7 -71 78 0
-14 -42 -65 0
-2 11 92 0
4 -19 -55 0
-20 -56 59 0
46 72 -83 0
-29 -71 -99 0
-15 19 70 0
-28 42 -52 0
6 12 -66 0
50 63 100 0
14 -20 60 0
15 65 -71 0
-4 69 -80 0
-50 -62 -70 0
-40 41 47 0
-38 73 -80 0
-17 31 61 0
11 22 97 0
-40 42 78 0
-18 61 -67 0
-4 17 82 0
17 76 -81 0
22 38 -47 0
-26 53 65 0
-25 -42 -84 0
9 -32 -95 0
38 56 100 0
53 76 99 0
-3 -11 -67 0
59 95 98 0
-16 -34 57 0
43 45 -53 0
-5 -43 -84 0
-38 -42 -94 0
-29 -50 -53 0
-31 -71 76 0
-22 51 70 0
29 -48 53 0
21 70 -84 0
50 80 95 0
56 -58 -80 0
8 28 -51 0
-9 51 53 0
-5 21 99 0
12 -59 -61 0
-46 -75 -84 0
23 28 48 0
-29 72 -87 0
1 15 52 0
49 79 -92 0
49 50 -64 0
-64 -84 -85 0
41 56 -59 0
-29 42 90 0
-26 59 66 0
-4 34 -85 0
26 28 -58 0
4 29 57 0
-8 15 -78 0
-7 -50 68 0
-24 42 -51 0
83 -93 -97 0
23 -58 85 0
-20 41 -83 0
-39 -43 58 0
-17 24 88 0
-49 -82 -84 0
-6 -46 -84 0
13 -44 -50 0
22 31 -92 0
-42 -59 96 0
-31 -43 -74 0
-32 34 54 0
-6 -56 -68 0
77 92 99 0
-29 -36 76 0
-44 -49 -65 0
62 70 -88 0
18 51 61 0
-21 29 -49 0
-31 32 100 0
67 78 82 0
-21 33 56 0
-22 42 59 0
4 -39 -52 0
15 26 27 0
2 9 43 0
1 16 62 0
15 75 -80 0
30 -86 -93 0
-29 -54 95 0
-32 -43 96 0
28 52 55 0
-46 59 73 0
61 -79 -87 0
12 46 -68 0
67 -95 98 0
18 19 -25 0
58 -61 97 0
-40 -66 81 0
-50 88 89 0
40 46 -85 0
-21 -35 69 0
53 -69 -78 0
19 77 -80 0
-78 90 -100 0
-26 50 72 0
5 29 -91 0
-26 74 -87 0
19 -27 -93 0
23 54 -80 0
12 -20 23 0
-62 -72 95 0
-38 -46 74 0
-27 -43 -85 0
-24 -32 88 0
24 -60 -68 0
40 -61 -98 0
38 -76 96 0
11 13 -29 0
-27 49 -56 0
-34 -89 91 0