p cnf 100 440
19 -60 86 0
43 -44 -54 0
-12 -62 82 0
-38 68 76 0
-6 -29 94 0
21 -45 73 0
60 84 95 0
57 -68 77 0
13 69 -92 0
62 -79 85 0
13 -16 61 0
-29 -56 -92 0
33 -46 -82 0
-19 -31 48 0
33 88 -93 0
-91 -92 -99 0
-38 62 84 0
-35 91 -98 0
27 -32 79 0
-3 -65 -80 0
26 -45 84 0
-21 -37 67 0
-8 78 -84 0
42 -63 -90 0
-32 -63 69 0
-6 -55 -76 0
1 36 -43 0
-26 -36 79 0
-7 -78 -80 0
27 45 94 0
6 74 -94 0
6 -15 97 0
59 -65 -100 0
15 58 -70 0
-14 22 69 0
-4 -33 -81 0
31 33 -48 0
-8 20 -51 0
-3 16 -95 0
-8 17 38 0
31 50 57 0
-2 -46 -97 0
24 -43 -76 0
12 40 -72 0
-66 -90 97 0
8 -11 -86 0
-58 -70 -95 0
13 -38 -45 0
39 -42 -79 0
71 79 96 0
12 59 63 0
57 80 84 0
-27 32 -56 0
47 -53 88 0
24 32 -50 0
-12 65 -69 0
7 -12 -47 0
6 15 -28 0
-7 21 68 0
-57 -73 81 0
-9 -24 -78 0
22 35 67 0
46 -58 67 0
20 -54 -100 0
73 -80 83 0
8 69 71 0
28 75 78 0
-7 -70 94 0
16 68 -91 0
13 60 -67 0
-57 82 84 0
-17 -33 -58 0
-47 -89 90 0
27 -28 -60 0
-39 -56 -86 0
25 -55 62 0
-29 -47 86 0
-9 -96 98 0
7 -43 -86 0
7 -84 89 0
23 39 66 0
28 -30 -36 0
1 -65 -75 0
55 -92 -93 0
-22 -39 -54 0
-26 -46 -68 0
65 84 -85 0
-6 -32 46 0
-18 55 -94 0
-45 -93 -94 0
-34 -67 71 0
-49 56 61 0
36 79 84 0
24 73 91 0
5 48 -70 0
25 -50 -57 0
12 -75 77 0
-13 19 79 0
-17 57 71 0
65 -83 -99 0
16 19 96 0
-64 66 -77 0
-2 -18 71 0
21 33 46 0
-7 45 -68 0
-31 55 -58 0
3 56 -95 0
4 -13 -85 0
-13 18 99 0
4 -47 -68 0
-52 -80 92 0
-3 -80 -91 0
18 -24 31 0
-32 95 97 0
32 -67 -74 0
-20 -54 -58 0
22 -25 68 0
4 64 -86 0
52 -72 90 0
-8 69 97 0
48 71 74 0
-69 -85 -93 0
63 81 82 0
-25 -30 -36 0
24 -66 -90 0
12 -30 76 0
-39 -76 -88 0
5 39 67 0
15 56 -60 0
-15 57 73 0
44 71 97 0
4 -56 95 0
-9 37 -72 0
39 43 -98 0
-15 83 95 0
-2 11 -100 0
-20 -43 -60 0
-33 67 99 0
-20 -27 57 0
-4 17 90 0
-63 -66 82 0
11 59 -80 0
-3 -8 -49 0
21 26 -69 0
-85 -91 92 0
-64 75 -85 0
-16 40 81 0
-45 78 -79 0
54 80 -94 0
-80 -95 -97 0
64 68 97 0
-62 -87 -91 0
2 47 48 0
19 50 -73 0
15 30 65 0
-45 -61 -75 0
13 -39 87 0
74 90 92 0
17 59 71 0
-7 -36 -48 0
21 -84 -93 0
-8 35 -85 0
43 -48 -80 0
-20 31 77 0
33 -39 -80 0
12 -58 -70 0
-20 -55 56 0
-10 -18 84 0
13 -21 41 0
-1 -14 63 0
-38 -70 82 0
29 92 -98 0
-9 -11 -89 0
40 -65 97 0
-40 84 -87 0
4 20 87 0
15 -56 -59 0
-4 18 76 0
5 -20 -29 0
17 23 41 0
-2 -55 -89 0
-25 -29 -41 0
48 -69 70 0
-29 57 58 0
73 74 -93 0
2 -74 82 0
32 94 -100 0
14 31 70 0
-25 62 -77 0
-3 -20 -25 0
-27 -29 -76 0
-2 77 -89 0
7 -36 -82 0
-52 73 91 0
15 -21 -53 0
28 -45 80 0
-13 40 -55 0
26 57 -75 0
-8 -14 -66 0
22 -52 -69 0
-24 -35 -89 0
-17 42 58 0
15 -51 -67 0
-4 17 98 0
10 52 -100 0
41 -59 89 0
-9 -29 -47 0
-75 -93 96 0
-11 -41 -93 0
-4 -13 -25 0
2 20 -83 0
55 -70 88 0
-13 -46 -50 0
-60 -75 -94 0
-65 73 -80 0
-7 -8 -96 0
-5 53 -79 0
-32 34 -63 0
7 -87 91 0
23 25 55 0
12 -34 -98 0
36 -55 79 0
-38 96 -100 0
-31 66 72 0
10 -20 -63 0
46 -89 -93 0
-29 -69 96 0
23 64 71 0
37 63 -84 0
19 -26 97 0
-1 4 -99 0
-17 -51 53 0
8 -73 -93 0
6 -21 -72 0
-14 18 -99 0
-42 62 72 0
7 89 94 0
-4 36 88 0
-2 67 -79 0
-25 -47 -59 0
-1 -14 40 0
-33 -56 73 0
22 -44 -90 0
24 -61 100 0
20 -34 79 0
-37 -82 -91 0
5 34 98 0
4 77 80 0
22 -52 76 0
-38 71 -74 0
37 51 100 0
-39 -42 -60 0
27 -67 -68 0
-10 16 43 0
-38 -59 91 0
63 92 -100 0
-21 -54 91 0
-32 -37 54 0
20 -21 -54 0
-11 79 80 0
-49 -91 96 0
37 -52 -76 0
-32 -34 42 0
15 31 49 0
6 16 -76 0
-23 74 -86 0
-60 -93 95 0
-25 62 -83 0
22 29 59 0
28 -81 -87 0
23 -29 -42 0
30 74 90 0
12 -24 32 0
-18 -41 89 0
7 -46 94 0
53 69 89 0
39 -64 89 0
42 -81 -87 0
20 -65 -67 0
44 -68 -90 0
-20 -94 -97 0
16 -17 -72 0
-15 53 88 0
-33 -43 52 0
-55 -62 78 0
-1 44 72 0
23 74 -78 0
-64 85 -95 0
33 46 52 0
-30 33 92 0
79 89 -95 0
-1 21 90 0
-56 -70 77 0
9 -19 28 0
-5 -56 -74 0
22 36 74 0
34 86 -90 0
26 43 -88 0
9 38 -66 0
9 -40 79 0
-52 -53 54 0
7 -36 -75 0
-42 -49 56 0
14 -17 31 0
11 -77 80 0
-36 -73 91 0
-7 12 -75 0
16 24 -49 0
2 47 67 0
8 -56 88 0
14 33 91 0
16 17 -87 0
-22 25 -35 0
-19 -28 58 0
-32 39 -74 0
55 -57 -58 0
-32 35 69 0
8 20 42 0
-18 -32 92 0
-15 60 80 0
15 -61 -89 0
-38 -42 -47 0
-21 33 -62 0
20 36 90 0
-4 -33 -51 0
-2 -74 87 0
-16 -65 -67 0
-14 28 -52 0
5 -28 -66 0
9 -42 -73 0
-1 15 56 0
-56 58 95 0
74 -88 89 0
9 -70 -77 0
7 -85 93 0
-9 48 -74 0
15 -36 -61 0
4 5 -51 0
-17 57 98 0
-31 55 80 0
-36 -69 -70 0
-20 -64 84 0
-19 -29 65 0
-12 -88 96 0
-1 -7 94 0
12 -38 -74 0
5 42 94 0
3 16 -26 0
-37 51 61 0
27 -56 80 0
5 66 -86 0
-6 -38 -40 0
-14 16 29 0
7 78 79 0
-63 67 -83 0
45 69 70 0
-10 41 63 0
38 -54 -99 0
-31 -48 -97 0
-66 -94 -100 0
31 71 88 0
-51 -63 94 0
52 -67 72 0
-1 -30 -34 0
22 77 84 0
-20 21 89 0
21 -33 79 0
5 86 92 0
-36 -60 80 0
-41 -58 -96 0
14 -83 90 0
7 -86 -98 0
-23 26 48 0
1 -11 83 0
-19 38 67 0
-38 -60 -94 0
26 34 -68 0
13 30 -90 0
-24 74 -97 0
-32 -33 -65 0
1 -8 89 0
9 -47 -51 0
78 87 -98 0
-3 -13 50 0
-33 52 -66 0
3 -14 57 0
-3 9 89 0
23 46 -82 0
-31 -77 -93 0
45 -49 -79 0
-1 22 -50 0
9 36 -70 0
-8 -38 -99 0
60 61 95 0
-9 -71 -84 0
-36 47 -68 0
8 -18 -89 0
-20 -64 100 0
34 -48 76 0
-25 -61 66 0
-10 -13 -80 0
17 44 -78 0
1 24 -28 0
37 52 -63 0
-15 -27 88 0
-4 31 52 0
-3 25 -30 0
-28 -82 83 0
69 80 -88 0
-7 -50 74 0
4 12 31 0
34 -71 76 0
30 39 89 0
-64 -65 76 0
-16 96 97 0
-16 -23 25 0
23 -52 94 0
-25 27 -81 0
-30 48 97 0
-1 -40 91 0
-1 -40 55 0
-81 -83 97 0
-12 24 43 0
-11 58 -72 0
-9 -33 -68 0
-8 -59 -80 0
-9 -31 -35 0
7 -75 -93 0
-13 30 58 0
34 -42 -96 0
11 -23 59 0
12 -44 -45 0
-24 -88 -92 0
-19 35 -97 0
4 39 -41 0
14 17 34 0
-24 42 -97 0
-39 70 -84 0
10 -13 96 0
2 28 -95 0