p cnf 100 580
9 -69 96 0
11 -65 74 0
53 55 71 0
10 22 28 0
3 60 -97 0
13 -60 -83 0
3 65 -88 0
-12 -16 61 0
17 -48 -88 0
-24 73 82 0
-6 -23 72 0
-23 -31 -99 0
-5 21 47 0
24 -39 -63 0
46 -71 100 0
19 54 -64 0
55 63 70 0
19 38 55 0
34 53 89 0
-6 44 88 0
62 80 -87 0
-27 -29 100 0
62 64 73 0
11 -22 64 0
4 9 -24 0
82 -92 98 0
-13 26 -45 0
15 82 -93 0
-6 -24 77 0
-35 41 94 0
-34 36 88 0
-46 -55 -56 0
18 -80 -95 0
21 -73 77 0
18 -22 -54 0
10 44 -47 0
-25 51 -98 0
1 5 66 0
-47 -72 -86 0
-9 48 58 0
-2 -10 -25 0
15 -21 -77 0
22 -75 -83 0
-10 -20 -89 0
5 -71 72 0
76 78 -93 0
28 36 -56 0
11 32 50 0
-5 -13 -43 0
-50 59 -75 0
64 -75 76 0
-5 -67 85 0
-43 -83 92 0
13 -34 40 0
13 -15 32 0
7 12 -64 0
28 32 83 0
-12 33 75 0
-22 -44 -90 0
-58 59 96 0
30 74 75 0
34 37 62 0
52 -72 -94 0
2 4 21 0
69 92 -93 0
-5 15 -17 0
-4 50 -68 0
-10 -62 99 0
13 14 84 0
-26 38 -93 0
31 84 99 0
32 -44 49 0
51 71 88 0
10 -58 -72 0
10 17 52 0
8 -9 26 0
-38 -43 -56 0
-58 62 97 0
4 38 66 0
7 47 63 0
6 -14 72 0
3 80 95 0
24 41 90 0
25 -61 -100 0
30 -53 56 0
26 -39 -85 0
-14 41 71 0
-24 -52 75 0
-16 94 97 0
-4 12 65 0
15 24 82 0
-31 47 94 0
24 -30 49 0
-24 -34 -58 0
25 51 -54 0
-38 74 -83 0
11 68 97 0
32 -43 -99 0
15 42 -98 0
-12 -68 97 0
-36 -65 78 0
55 -56 75 0
-24 36 -69 0
-3 73 -79 0
8 -69 -78 0
-7 -12 -32 0
-2 -27 -70 0
56 89 96 0
-14 -26 45 0
-12 61 78 0
24 -78 -81 0
26 64 -90 0
-58 74 -78 0
-8 46 -68 0
43 -59 -72 0
49 60 -79 0
15 -39 48 0
3 -77 92 0
30 -54 57 0
15 34 96 0
54 67 -98 0
-3 11 85 0
-21 36 -42 0
16 -54 99 0
66 84 -97 0
26 52 -76 0
15 -76 -81 0
22 48 76 0
-6 52 -93 0
20 28 55 0
9 -13 55 0
23 52 -70 0
30 58 100 0
44 57 -98 0
4 10 -35 0
-10 42 -91 0
51 -87 91 0
22 -44 -85 0
-4 -5 -61 0
-43 65 -75 0
-22 69 -96 0
20 57 -65 0
72 81 -97 0
-21 34 63 0
-10 -65 -68 0
26 -52 -67 0
3 28 50 0
-22 -29 -95 0
-58 -76 -100 0
6 -30 -89 0
18 -35 -78 0
-65 82 88 0
14 23 -43 0
-36 84 -94 0
-31 33 -61 0
41 -67 -79 0
13 16 24 0
15 50 -96 0
-32 67 -95 0
-14 28 -43 0
-37 -77 -78 0
33 72 -75 0
-75 83 -87 0
-4 10 -35 0
-2 57 81 0
4 -82 98 0
-23 38 -58 0
7 13 30 0
13 28 -88 0
-22 -41 98 0
-34 -44 79 0
14 49 88 0
4 -8 -77 0
66 -87 -100 0
24 58 73 0
1 -14 -40 0
48 -56 100 0
44 -51 89 0
10 -41 -84 0
-12 -27 -91 0
-77 86 -94 0
-30 78 -80 0
1 37 39 0
-2 4 -58 0
18 36 78 0
7 27 99 0
8 16 -64 0
-44 -58 59 0
-2 48 53 0
-18 28 -81 0
47 -52 -89 0
-7 -60 -89 0
69 95 -100 0
-56 74 95 0
31 -65 -77 0
-18 -83 92 0
54 -73 85 0
-33 -89 91 0
2 25 -69 0
34 -36 93 0
9 -29 -71 0
-14 16 68 0
12 -29 -65 0
3 -12 88 0
-43 -66 -86 0
6 -57 -76 0
-2 -23 27 0
34 47 -61 0
-27 -55 92 0
56 69 -87 0
-1 -50 55 0
-21 -27 73 0
12 -42 78 0
-9 -22 -29 0
53 59 78 0
26 27 -75 0
-22 -34 63 0
-13 -60 81 0
-13 -38 -48 0
28 -30 42 0
35 -40 -94 0
7 -36 -60 0
13 -71 82 0
-33 69 -96 0
52 82 87 0
28 46 57 0
-51 72 85 0
-2 -33 -36 0
-9 -31 32 0
-15 31 83 0
16 -32 -96 0
-39 44 51 0
-13 66 90 0
4 53 54 0
-34 -77 79 0
29 -61 -74 0
-51 -62 -72 0
8 -59 85 0
31 40 -97 0
-6 24 43 0
16 -56 -66 0
17 -22 -97 0
65 -72 85 0
-12 28 61 0
-2 30 75 0
48 -58 -85 0
-1 -43 72 0
-13 71 98 0
-59 -60 62 0
65 82 -88 0
26 40 -89 0
-31 32 100 0
-11 63 80 0
50 75 -97 0
-10 -45 -64 0
-20 74 89 0
-36 -72 78 0
-13 -15 -98 0
-21 46 -68 0
39 69 83 0
11 69 -97 0
27 -84 -87 0
-11 -24 -83 0
11 -51 67 0
-29 -48 -57 0
3 -26 61 0
16 -39 -78 0
22 -34 -62 0
27 -44 94 0
-69 -84 90 0
-15 -53 -88 0
14 -30 86 0
33 35 52 0
-47 -67 73 0
-6 -61 86 0
3 -28 -65 0
-22 -62 -81 0
3 93 -99 0
-13 -24 54 0
39 52 55 0
3 35 -98 0
-9 11 -14 0
-72 91 93 0
-12 93 97 0
-1 12 29 0
-42 -43 -95 0
-50 -77 84 0
-33 47 59 0
-34 47 -75 0
-52 86 -90 0
30 -76 90 0
1 -61 80 0
-25 31 86 0
15 25 -72 0
-30 38 -58 0
-14 -19 59 0
-10 -21 -44 0
-3 68 73 0
29 47 -99 0
-32 -59 63 0
-9 90 -100 0
-11 -29 62 0
28 -47 -87 0
-46 -59 73 0
13 -26 88 0
2 38 82 0
14 -22 25 0
-18 66 -67 0
-10 -25 72 0
-38 61 89 0
17 24 -50 0
28 -32 90 0
-7 63 98 0
50 -66 -68 0
8 57 68 0
-11 35 65 0
24 -32 65 0
66 -91 95 0
-45 -69 -83 0
-20 -63 80 0
7 -26 -85 0
13 -34 39 0
-22 30 -38 0
-15 -46 -54 0
-48 -61 -72 0
-10 47 -90 0
-2 29 89 0
-7 -29 42 0
50 70 -80 0
-14 -67 -87 0
-25 -37 79 0
-7 -19 -95 0
-29 -40 61 0
-2 -23 -66 0
9 12 65 0
-20 -39 -75 0
17 31 79 0
9 50 52 0
6 45 -77 0
-12 -58 62 0
-1 90 100 0
-15 -64 67 0
18 42 -45 0
-19 25 84 0
-34 -40 95 0
26 54 -76 0
11 -18 -77 0
43 58 -100 0
-17 -53 -73 0
1 -51 -88 0
-9 51 97 0
3 -41 60 0
-19 -36 67 0
-6 74 96 0
35 54 -65 0
55 -68 72 0
14 -81 -100 0
-69 -79 84 0
10 71 -94 0
37 -47 82 0
30 67 92 0
-16 -36 -43 0
7 -36 95 0
-7 -78 -100 0
-23 59 97 0
-1 3 6 0
33 85 -90 0
16 46 65 0
5 12 18 0
49 53 77 0
-24 -50 100 0
-55 -69 -97 0
-6 42 52 0
-16 65 97 0
16 -40 87 0
38 39 -96 0
15 -66 88 0
7 -16 58 0
-5 7 -77 0
21 54 -57 0
25 -47 -93 0
15 39 92 0
26 47 52 0
-42 -64 -93 0
46 95 -96 0
37 82 94 0
-9 30 88 0
19 34 -71 0
-83 84 88 0
13 50 -78 0
-6 43 97 0
-16 56 65 0
-9 -80 -92 0
-12 -22 -90 0
4 15 -77 0
-40 61 89 0
-56 78 -84 0
17 -43 -88 0
10 -77 96 0
13 14 -63 0
12 -37 63 0
-39 80 -89 0
2 -29 59 0
44 54 -58 0
-41 58 -69 0
-21 -59 -72 0
1 -51 66 0
15 -72 91 0
-14 33 -34 0
-1 -16 -19 0
-21 49 50 0
3 45 89 0
-31 40 -59 0
1 -14 44 0
-66 74 85 0
2 -22 -25 0
62 92 -95 0
-51 -68 99 0
68 73 80 0
26 41 64 0
13 43 -98 0
38 47 82 0
28 36 51 0
14 -76 -97 0
-21 -41 -56 0
-31 -78 96 0
-56 -77 -95 0
-13 -18 -93 0
43 50 87 0
-11 54 87 0
61 -74 100 0
20 36 100 0
-13 -97 -99 0
-17 -20 -26 0
46 56 69 0
-38 54 -63 0
2 54 75 0
11 19 79 0
37 -46 88 0
-56 -80 -90 0
-49 50 -67 0
5 55 94 0
-1 59 -77 0
-6 -36 71 0
-18 -69 -82 0
-31 43 -65 0
57 -70 -88 0
12 30 -75 0
24 -56 -89 0
-14 60 67 0
-56 -70 -97 0
-7 34 -77 0
8 21 56 0
1 -74 -95 0
-28 -29 68 0
8 -33 57 0
55 -79 -96 0
35 -43 70 0
-10 17 -73 0
40 -53 97 0
61 -68 89 0
1 -64 -65 0
40 -61 77 0
25 -40 51 0
21 44 66 0
-22 41 -58 0
-2 53 -85 0
4 21 -66 0
38 53 79 0
20 31 63 0
-19 -37 -93 0
9 22 29 0
-9 73 -88 0
-49 83 -88 0
-20 -42 -80 0
20 -60 -95 0
10 37 61 0
16 53 92 0
29 -52 88 0
23 46 59 0
9 39 77 0
45 55 -57 0
-47 -49 57 0
-29 32 -72 0
-22 43 -72 0
-42 -45 66 0
-46 -56 62 0
60 89 100 0
60 -67 90 0
4 45 90 0
-53 60 91 0
-54 -65 98 0
33 -56 73 0
36 -65 -87 0
32 56 -69 0
17 21 96 0
10 40 -90 0
-15 -24 -34 0
5 34 -79 0
14 -57 -72 0
-33 79 93 0
31 -63 -75 0
-6 -36 -72 0
23 -35 64 0
3 -8 -70 0
9 -31 -94 0
-36 44 58 0
-6 -23 63 0
40 52 -84 0
-1 67 -68 0
-30 -37 80 0
21 69 -90 0
13 51 56 0
-18 47 58 0
-42 62 -64 0
16 31 -79 0
49 83 -86 0
8 -89 95 0
-28 -29 -55 0
53 82 -99 0
-6 -19 60 0
-9 -21 -36 0
25 27 -93 0
11 13 -55 0
22 64 -72 0
65 -74 81 0
11 -51 -72 0
-16 18 -30 0
33 -66 -87 0
-50 -75 99 0
-45 -90 94 0
55 -70 95 0
16 42 -68 0
-80 -95 -100 0
-40 -53 -93 0
16 88 97 0
-10 -90 -93 0
14 34 43 0
-42 -67 79 0
51 83 -85 0
-26 34 62 0
4 -58 -60 0
8 59 -99 0
-31 -39 -93 0
-6 -24 -26 0
48 60 -93 0
-10 38 57 0
-67 -73 -91 0
-4 -74 88 0
9 -70 77 0
10 -71 -79 0
22 54 62 0
-26 -27 74 0
-28 -36 -91 0
-3 71 89 0
-26 31 -89 0
18 23 63 0
-74 81 90 0
26 36 -55 0
60 72 95 0
-27 -43 95 0
7 -87 -91 0
-77 -80 98 0
53 -66 -70 0
-76 95 97 0
49 53 -55 0
15 45 48 0
-5 86 -93 0
-51 73 -82 0
-27 51 86 0
-44 48 -55 0
-39 52 -55 0
66 67 -73 0
21 33 97 0
4 -49 57 0
1 44 52 0
-68 84 -95 0
-30 71 -84 0
-49 -58 -82 0
-25 34 67 0