p cnf 100 580
-11 -43 -63 0
-14 27 51 0
-15 27 -30 0
-18 -83 86 0
-11 -72 88 0
-3 28 -94 0
-16 -32 -63 0
-6 -28 64 0
33 -68 86 0
-40 50 -65 0
13 -44 66 0
39 -45 -52 0
64 85 -88 0
45 -49 -50 0
-1 -29 50 0
-14 30 45 0
-7 56 82 0
-22 65 80 0
17 32 -100 0
-39 80 95 0
38 64 83 0
14 43 -96 0
31 -44 -51 0
-4 -55 64 0
-21 -72 -75 0
-8 -54 79 0
-4 77 -82 0
91 -93 94 0
3 41 45 0
-11 55 91 0
13 89 -99 0
30 -50 87 0
-39 -84 92 0
-14 35 -63 0
-52 70 -73 0
-35 -44 59 0
-4 -9 72 0
23 -36 47 0
-5 49 64 0
50 -54 59 0
-24 -35 -50 0
18 -72 88 0
-8 17 96 0
29 42 -95 0
-19 -61 -79 0
-10 33 -67 0
21 -35 -82 0
15 -79 97 0
-24 27 -60 0
-32 47 -58 0
-66 -71 86 0
18 -68 76 0
-11 20 62 0
-13 -50 59 0
-6 -44 61 0
-2 -72 77 0
-4 10 38 0
-40 65 75 0
-1 41 -52 0
-3 26 -64 0
38 -73 83 0
-33 -62 68 0
24 -75 -87 0
30 63 81 0
18 72 -96 0
2 44 -71 0
25 -48 78 0
25 -59 -68 0
1 46 51 0
-80 -94 100 0
-33 69 80 0
-19 71 -75 0
-49 -60 76 0
-8 53 -71 0
7 11 49 0
-22 52 -88 0
-17 60 -85 0
-51 90 -93 0
10 64 98 0
19 25 58 0
-63 74 95 0
5 33 50 0
2 -47 99 0
2 -53 81 0
-2 -8 12 0
2 -31 -100 0
-9 -60 62 0
37 60 -95 0
-18 -57 87 0
-15 -34 -70 0
-54 61 65 0
3 35 -98 0
-13 -31 40 0
39 40 -80 0
-43 73 74 0
-3 -38 -84 0
-18 60 -82 0
-14 -22 33 0
10 -29 -68 0
23 74 -82 0
33 47 -96 0
-2 -21 92 0
-5 -77 81 0
2 24 -42 0
15 -38 90 0
-36 -53 -69 0
-11 -88 91 0
-49 52 93 0
-21 -44 -92 0
7 -34 -88 0
-11 -13 32 0
23 57 -75 0
4 -10 93 0
20 -47 -90 0
-5 25 31 0
27 -74 87 0
50 -69 -73 0
-72 -80 -96 0
31 -47 -60 0
9 -10 -23 0
3 -7 32 0
-34 46 98 0
28 84 -90 0
24 -71 -91 0
-8 -73 83 0
32 66 -98 0
22 -41 -44 0
17 33 -51 0
-10 14 16 0
-15 -80 -81 0
1 6 79 0
-40 -49 100 0
-60 84 -97 0
-67 72 -76 0
-39 84 -94 0
12 16 30 0
-49 -71 96 0
31 32 -87 0
-19 41 -76 0
29 -40 -86 0
13 -80 98 0
5 50 -68 0
60 74 80 0
-31 44 63 0
-7 -44 88 0
-59 -67 -69 0
-11 -28 36 0
68 -79 89 0
62 76 -81 0
-36 40 -74 0
-1 -17 37 0
9 -10 -88 0
4 -25 60 0
-31 36 95 0
61 -78 90 0
4 -59 -61 0
26 -68 86 0
25 -41 45 0
9 12 83 0
15 -52 90 0
25 36 -59 0
-38 -40 -41 0
24 44 49 0
7 8 -31 0
26 -30 -100 0
5 31 97 0
-43 -83 84 0
-19 -34 99 0
-46 64 -89 0
-58 -72 82 0
-38 49 -83 0
-31 39 93 0
1 29 35 0
-18 60 -65 0
6 31 -55 0
-15 20 98 0
-7 48 -74 0
-18 -36 -91 0
48 -54 90 0
-44 -60 80 0
15 28 -52 0
18 64 -76 0
-44 53 -67 0
43 -44 -73 0
-19 58 -78 0
11 -31 38 0
-45 57 80 0
22 -31 94 0
88 94 -97 0
27 -66 67 0
19 -39 -82 0
5 -62 81 0
41 48 72 0
-5 -14 99 0
-24 -30 93 0
34 56 -73 0
7 -78 82 0
-20 26 -73 0
14 46 96 0
15 -36 -90 0
20 -22 -31 0
58 63 98 0
18 66 89 0
-39 41 -85 0
-5 -76 95 0
2 88 97 0
-17 57 -72 0
-63 66 71 0
13 -45 47 0
8 41 -50 0
-79 92 -98 0
-41 62 -97 0
21 -31 68 0
61 72 -100 0
57 -70 76 0
4 -84 -94 0
74 -76 -90 0
-6 -24 60 0
10 -67 -94 0
31 -63 -77 0
-11 -76 86 0
18 -47 68 0
-29 -36 49 0
64 -78 82 0
-10 -50 77 0
-35 53 70 0
-81 -88 -99 0
-17 -49 83 0
-38 41 -80 0
-19 -72 -84 0
-9 -39 59 0
-44 -45 55 0
6 61 -67 0
-33 75 82 0
-78 86 88 0
-5 19 -73 0
-24 50 60 0
54 57 64 0
85 -87 -100 0
11 -59 -93 0
-10 -51 80 0
61 -67 -82 0
-12 -78 92 0
16 31 57 0
47 -81 -98 0
73 76 -97 0
-46 64 81 0
-10 -20 -32 0
-29 -78 85 0
27 -35 -95 0
-21 38 -88 0
-14 18 -65 0
-83 86 93 0
54 61 -79 0
11 -12 20 0
-84 87 88 0
46 -81 91 0
-35 64 -84 0
35 -44 57 0
28 -40 -83 0
-29 48 96 0
46 -52 -56 0
24 -33 99 0
-49 -62 -88 0
-4 19 -65 0
28 36 -71 0
-1 39 -45 0
51 -64 84 0
-16 40 42 0
-5 34 83 0
-5 -35 60 0
28 -39 -52 0
-3 56 -67 0
1 -75 -77 0
15 30 60 0
6 -86 -100 0
-5 22 -55 0
-9 73 -86 0
-27 -58 -78 0
59 74 -84 0
27 -36 37 0
45 84 -97 0
31 70 -93 0
-43 66 -98 0
-14 28 48 0
-3 -17 65 0
-10 -23 75 0
15 50 -61 0
-30 -49 -59 0
-26 -58 -88 0
-80 84 92 0
-14 33 64 0
8 -39 51 0
-38 -41 -60 0
21 41 61 0
-7 54 93 0
3 37 38 0
-32 -81 90 0
37 56 -83 0
-28 59 -79 0
14 -71 -94 0
29 45 51 0
-71 -89 -97 0
7 -56 80 0
12 15 -79 0
-2 -28 67 0
-3 43 -66 0
-14 59 -78 0
52 64 99 0
-52 -55 -95 0
34 -43 45 0
5 -9 -41 0
-17 23 -73 0
-28 37 54 0
12 -49 -84 0
71 88 -98 0
38 -65 91 0
33 -38 64 0
28 45 -99 0
-12 49 68 0
-30 -75 -89 0
70 -82 85 0
-4 -51 92 0
-31 -50 82 0
7 84 -96 0
-27 67 -93 0
3 7 76 0
-25 63 92 0
13 19 -50 0
29 -77 81 0
56 78 -87 0
28 66 -69 0
-3 39 -57 0
4 37 -41 0
-10 -36 -67 0
-61 82 -90 0
6 -67 -76 0
-15 -63 -81 0
-28 -90 100 0
-25 -44 -54 0
4 -14 73 0
-20 -51 86 0
46 -83 99 0
-28 33 -93 0
-10 -22 -35 0
62 71 -82 0
-6 -67 -68 0
-9 80 85 0
49 52 68 0
-58 62 76 0
-8 -29 -98 0
4 38 51 0
-20 -34 61 0
-8 -75 -92 0
-24 40 86 0
22 -42 53 0
-2 18 94 0
-30 -42 96 0
-40 76 79 0
16 -43 -91 0
8 -13 40 0
-12 -96 -99 0
12 53 82 0
31 35 -74 0
-71 83 -85 0
-14 -73 93 0
-42 -53 -94 0
-2 69 -96 0
20 29 -78 0
-5 -62 -100 0
11 25 -52 0
-4 83 -97 0
-80 -82 85 0
-19 -25 60 0
-9 58 -94 0
4 -71 -92 0
-13 64 99 0
3 -20 -74 0
4 -84 95 0
22 43 59 0
37 48 51 0
19 43 -60 0
-27 -60 69 0
-40 -73 92 0
-27 -54 58 0
45 82 85 0
-2 -45 99 0
-29 -55 58 0
8 -25 -83 0
-24 -46 -87 0
-21 -48 -89 0
9 55 -81 0
23 37 -38 0
10 71 76 0
39 -58 -97 0
13 33 65 0
63 -68 85 0
-7 21 49 0
-19 21 -78 0
-17 -44 -81 0
33 -56 -73 0
-30 60 80 0
-3 -28 -50 0
23 71 82 0
60 -67 -71 0
-69 -90 91 0
-58 -62 88 0
60 80 96 0
-13 -94 97 0
-37 -49 -62 0
17 -28 93 0
26 38 -83 0
-3 -25 -40 0
51 -58 -75 0
-36 37 -72 0
-55 81 -84 0
13 75 -77 0
-11 28 86 0
13 -37 38 0
-13 63 -68 0
6 79 82 0
3 -7 85 0
9 -27 83 0
-12 -27 87 0
2 13 -24 0
-59 -64 -88 0
28 47 -70 0
-27 -46 92 0
-34 66 -81 0
-37 -62 -66 0
28 -79 -95 0
-5 -48 99 0
29 69 71 0
-18 -22 30 0
24 25 65 0
61 70 83 0
34 -65 -76 0
-9 -26 89 0
16 -41 -79 0
19 -57 63 0
51 52 90 0
1 -66 70 0
16 47 65 0
5 30 61 0
7 -54 81 0
25 44 50 0
30 36 -41 0
12 93 94 0
23 36 52 0
-12 -42 -63 0
45 76 89 0
-44 -48 51 0
65 -77 -90 0
27 -55 87 0
1 12 -84 0
17 -68 -75 0
-15 -60 -76 0
40 67 88 0
56 -66 -76 0
-10 -45 82 0
-14 18 28 0
12 -48 -72 0
44 69 -71 0
44 -58 -62 0
-34 -50 94 0
10 13 -72 0
61 72 -80 0
14 -15 99 0
37 73 -84 0
13 -41 -73 0
-20 54 -96 0
-65 -84 100 0
-41 50 58 0
-10 60 75 0
20 -38 81 0
-40 -80 -81 0
1 -31 71 0
8 -55 -71 0
-21 41 -67 0
-51 90 97 0
-13 -79 -90 0
7 -25 -80 0
-32 65 85 0
-32 59 71 0
12 -57 83 0
-18 23 90 0
61 -86 -99 0
25 -69 98 0
-1 54 -65 0
-36 -42 -80 0
-30 -36 -57 0
-2 70 -79 0
-6 -33 -52 0
10 26 -73 0
-68 74 -95 0
6 26 -81 0
6 60 -66 0
-44 -71 81 0
-14 -15 47 0
-8 34 88 0
5 87 -92 0
-28 80 95 0
-6 35 -75 0
-51 52 -68 0
-1 -9 -48 0
-45 -87 88 0
6 37 -57 0
7 22 32 0
8 -51 -82 0
37 66 -88 0
-45 70 -76 0
-9 -88 97 0
-48 98 -100 0
-10 -59 -94 0
-8 17 -69 0
31 -68 76 0
-38 65 -98 0
2 59 68 0
45 66 70 0
2 18 -70 0
3 40 89 0
28 -60 -88 0
-27 -33 50 0
6 -54 63 0
55 66 -99 0
-3 32 85 0
-54 -72 84 0
25 75 -92 0
15 33 -36 0
-8 -12 18 0
58 -68 89 0
-12 -63 -69 0
-46 60 88 0
23 38 -49 0
3 16 30 0
-1 -23 -100 0
3 21 -78 0
-53 60 -99 0
-16 -53 81 0
72 73 -96 0
4 18 -49 0
-46 -63 -67 0
-20 -33 -44 0
39 43 -67 0
-42 92 -100 0
30 69 86 0
15 92 95 0
-17 -79 90 0
-3 -49 -95 0
29 66 -72 0
35 36 -68 0
-2 -7 78 0
-56 80 91 0
-13 -54 93 0
-3 40 -71 0
-22 55 73 0
29 -68 72 0
13 46 94 0
71 89 93 0
-6 -66 77 0
-72 -82 90 0
50 60 70 0
-17 -24 -41 0
-3 21 68 0
-16 65 72 0
4 -5 66 0
-26 -57 77 0
38 -44 -75 0
-10 -53 81 0
17 -80 -98 0
-28 -57 -72 0
59 -64 72 0
-23 99 100 0
-24 -77 100 0
61 -68 73 0
14 -87 -91 0
7 39 73 0
-48 51 90 0
47 84 87 0
-1 3 55 0