p cnf 100 520
-5 -15 21 0
9 -17 99 0
9 -24 -70 0
-66 75 -95 0
56 57 -65 0
42 -62 -71 0
-5 60 -84 0
-62 -96 -97 0
-17 68 -80 0
-30 57 -97 0
7 -11 -26 0
25 44 95 0
32 -59 64 0
-11 43 -88 0
1 21 90 0
-25 40 47 0
27 60 -90 0
4 -65 -76 0
-14 36 63 0
-1 -27 59 0
22 40 58 0
5 38 -93 0
11 21 -35 0
-50 -59 79 0
-17 -53 68 0
-31 32 80 0
-13 -83 85 0
-10 -48 74 0
14 57 79 0
23 35 -97 0
-20 -73 -97 0
12 -60 97 0
35 -56 60 0
52 60 89 0
-31 -58 91 0
-84 -87 -88 0
-62 68 81 0
-11 34 43 0
1 35 -71 0
-2 51 -85 0
-3 9 14 0
-21 -38 49 0
29 71 -96 0
-40 -74 -76 0
25 -31 -89 0
26 41 -100 0
-24 -52 84 0
-21 -23 -37 0
6 -16 -48 0
16 35 -48 0
3 46 -96 0
63 72 -90 0
-58 75 89 0
-17 -52 64 0
2 -41 -63 0
-34 61 -100 0
-51 86 -97 0
69 -97 98 0
3 26 -91 0
-37 -74 97 0
65 85 -88 0
-34 44 -55 0
50 66 -78 0
-4 24 51 0
5 43 45 0
-14 -19 40 0
-8 -31 -53 0
20 25 84 0
-18 -64 81 0
-63 96 97 0
-64 -86 -95 0
-20 -61 -98 0
11 -20 -95 0
1 -24 78 0
70 92 -94 0
11 17 95 0
-15 -28 87 0
36 -73 76 0
-8 24 93 0
26 -75 -97 0
-13 -38 65 0
-20 50 -78 0
29 55 57 0
-36 63 76 0
-4 46 84 0
-34 -54 88 0
-73 86 -95 0
-7 -54 -69 0
-15 -42 -69 0
50 -78 86 0
7 17 -44 0
-24 31 94 0
-37 52 80 0
-32 35 -87 0
-34 68 74 0
-18 -50 -69 0
13 -42 99 0
-59 -77 79 0
-5 -16 -92 0
-45 67 79 0
-40 -54 59 0
-44 -50 -68 0
-20 -28 68 0
30 66 80 0
-33 -56 63 0
-20 25 59 0
-17 -43 90 0
36 76 -84 0
43 44 48 0
51 -63 -100 0
1 -27 52 0
47 -66 -84 0
-40 -48 51 0
18 44 62 0
18 71 -80 0
36 44 -93 0
-14 27 56 0
2 15 48 0
-4 13 43 0
19 81 -94 0
-1 -6 60 0
14 -60 86 0
25 50 58 0
33 -91 -98 0
-52 -59 98 0
25 38 -43 0
56 -65 92 0
-74 -79 83 0
-3 -84 98 0
-32 57 -86 0
5 -65 82 0
-32 77 89 0
77 93 -99 0
32 -73 81 0
60 -93 -98 0
20 -25 -47 0
-13 -27 -76 0
26 43 59 0
45 76 -93 0
1 13 -33 0
10 56 75 0
36 51 -71 0
13 -19 56 0
12 66 90 0
24 -81 -98 0
24 -65 -67 0
-28 54 65 0
-1 18 89 0
46 64 78 0
-18 -62 -78 0
3 20 78 0
15 27 81 0
-11 64 -74 0
33 63 69 0
-14 -15 -100 0
-38 63 69 0
-7 -16 -44 0
25 63 81 0
-64 -69 -71 0
-35 51 -85 0
-13 -15 24 0
-11 12 -43 0
54 -77 -85 0
31 -38 -75 0
-2 -55 -100 0
39 61 64 0
25 -42 55 0
-24 -54 88 0
-8 19 -33 0
-37 -49 73 0
3 85 89 0
-11 -55 -75 0
62 78 100 0
4 -31 -61 0
46 62 -91 0
2 51 -79 0
-1 -50 66 0
56 -86 99 0
-10 -39 55 0
7 -38 50 0
10 26 40 0
17 50 62 0
-11 -55 61 0
17 -44 -93 0
26 51 -92 0
-12 -26 85 0
2 4 -67 0
-21 51 68 0
28 35 55 0
46 -68 77 0
-9 -13 -66 0
-52 -71 93 0
59 -84 89 0
-27 64 81 0
25 -48 51 0
-11 -18 71 0
7 57 96 0
18 23 -54 0
-5 -40 77 0
6 -52 -61 0
-19 -56 62 0
-20 -32 -50 0
60 70 -77 0
-7 44 100 0
-21 -33 -89 0
1 -66 71 0
-23 38 -64 0
4 58 -72 0
-27 58 -68 0
2 11 -88 0
-7 9 84 0
49 -67 -70 0
26 30 48 0
18 43 -79 0
-14 44 92 0
17 -28 69 0
9 54 78 0
-5 -81 -86 0
32 -44 85 0
-2 -5 68 0
18 -68 85 0
-12 -41 57 0
15 48 -71 0
-2 6 94 0
-17 -60 94 0
30 -42 51 0
-21 -31 80 0
-45 -52 -54 0
35 -41 -86 0
-70 -75 -92 0
28 -37 93 0
15 -58 -85 0
-12 56 100 0
-2 68 -83 0
-25 33 -39 0
28 54 -73 0
28 39 97 0
-34 67 -73 0
14 -37 -53 0
-11 13 52 0
-2 11 26 0
-52 -69 90 0
26 -36 -46 0
-9 57 62 0
70 71 77 0
20 -61 -76 0
-8 -70 -88 0
21 33 85 0
-33 -43 100 0
5 65 76 0
-75 -78 -85 0
8 -38 -97 0
15 29 -69 0
5 23 -84 0
11 76 -82 0
-23 28 91 0
2 -53 -84 0
-73 -77 78 0
39 -47 83 0
-68 87 92 0
3 -33 -86 0
-21 80 98 0
-53 -66 -76 0
72 -77 84 0
-34 57 83 0
2 19 72 0
-5 -52 -95 0
-7 63 -76 0
5 40 -80 0
40 68 94 0
-56 64 -65 0
29 -38 43 0
-71 -86 -88 0
9 -78 96 0
32 71 -91 0
-22 49 -100 0
-2 -59 98 0
19 62 -86 0
35 -46 54 0
-45 46 -69 0
25 -29 91 0
-22 72 73 0
4 88 -100 0
13 -26 -90 0
-14 55 77 0
-12 -18 -48 0
53 -79 82 0
-2 -73 -91 0
1 13 -47 0
-15 -26 -68 0
-11 -23 -29 0
3 -45 59 0
6 -27 -84 0
14 42 -53 0
-17 78 85 0
-30 59 -81 0
29 -35 79 0
68 -99 100 0
16 50 80 0
-42 81 96 0
-1 -9 39 0
-21 51 -87 0
-25 -48 -80 0
-40 -95 -97 0
-6 45 51 0
12 35 48 0
-4 45 55 0
-10 -32 -58 0
-26 -92 95 0
-21 -38 42 0
26 40 90 0
-30 69 -79 0
-18 -74 -75 0
14 43 63 0
-17 -74 92 0
2 53 93 0
15 -32 -74 0
-28 -51 83 0
19 27 44 0
-3 16 91 0
6 -19 -61 0
40 51 -61 0
49 71 -91 0
44 72 83 0
56 -82 -87 0
-33 -40 -75 0
-11 58 99 0
1 -25 -97 0
-73 -82 -84 0
-33 -40 -78 0
-48 54 -76 0
3 -37 -73 0
27 -42 -80 0
1 33 -65 0
52 -64 -79 0
43 61 -88 0
51 -56 84 0
15 -50 60 0
4 62 66 0
50 -73 94 0
-2 -47 -84 0
-28 -35 64 0
28 -66 72 0
55 79 83 0
-2 31 93 0
43 -47 73 0
12 -29 -93 0
39 91 -99 0
16 35 65 0
-16 39 70 0
15 -20 63 0
79 82 98 0
5 39 62 0
-52 91 99 0
-15 63 -88 0
41 -76 -84 0
-20 -78 -85 0
10 -48 -82 0
29 87 -96 0
54 -56 -85 0
-22 70 -81 0
-15 51 53 0
3 -37 44 0
42 -45 95 0
-16 -52 -96 0
33 40 -68 0
-46 49 56 0
53 56 -64 0
8 -50 65 0
-12 -15 21 0
42 71 76 0
4 61 -97 0
-16 -54 97 0
-20 -89 94 0
40 54 79 0
21 -47 -96 0
8 19 47 0
-42 -56 -70 0
-46 -84 86 0
26 -70 -100 0
31 47 77 0
75 87 95 0
3 -28 -60 0
-29 -38 -60 0
2 -52 -99 0
-33 -69 -82 0
-11 92 98 0
-22 37 90 0
18 -22 30 0
-57 -62 -83 0
13 -21 63 0
63 -77 89 0
-19 -72 -77 0
49 52 -68 0
12 42 -63 0
-57 -80 100 0
25 50 88 0
6 -17 -44 0
7 -15 -45 0
-40 59 85 0
35 -56 -78 0
18 69 -76 0
-29 -73 94 0
-11 20 100 0
32 -43 88 0
9 -73 -100 0
-2 -38 -70 0
-9 16 -20 0
68 91 -93 0
11 55 89 0
3 63 -66 0
-20 -35 96 0
1 8 -14 0
16 -42 -45 0
-14 20 -55 0
-22 31 85 0
-43 -44 91 0
-11 -20 -45 0
-35 70 73 0
13 48 54 0
9 81 94 0
24 -33 -55 0
-4 16 99 0
45 -66 100 0
18 76 -88 0
-12 41 67 0
-2 -41 -51 0
-55 65 83 0
74 -87 92 0
16 -24 90 0
-21 -42 71 0
10 -57 -59 0
-16 -52 -59 0
7 -59 -62 0
36 66 69 0
-6 -56 79 0
-5 15 -35 0
36 38 -70 0
-20 -30 74 0
15 36 89 0
-61 -68 -79 0
-14 -33 78 0
-35 -37 71 0
-40 -80 99 0
19 25 -61 0
44 85 99 0
24 49 64 0
8 -39 -93 0
-10 -33 46 0
-71 85 -95 0
-48 -77 -95 0
-28 50 -76 0
30 -77 96 0
-5 -78 -82 0
-2 -10 48 0
-3 11 -28 0
1 11 -13 0
-29 -59 99 0
-8 63 -77 0
-5 45 -90 0
2 83 -90 0
-3 -12 -68 0
-15 25 75 0
-2 -19 -69 0
52 -54 72 0
-41 64 89 0
-68 87 98 0
28 62 -84 0
-23 77 -88 0
48 67 -74 0
-17 -82 84 0
-6 25 48 0
6 -7 -61 0
-5 -86 -92 0
36 54 72 0
35 -59 -93 0
40 -57 -61 0
-44 52 90 0
29 -65 -82 0
-3 -15 27 0
-23 -59 63 0
12 24 -58 0
-37 73 91 0
-51 74 -79 0
-12 -49 95 0
-85 -95 100 0
-9 -43 -99 0
-3 19 45 0
29 89 92 0
14 53 63 0
3 71 73 0
53 -54 -63 0
-18 -85 96 0
15 -35 83 0
1 -42 45 0
-15 -71 91 0
27 -55 -88 0
-73 -90 96 0
-11 63 -68 0
-11 70 82 0
-12 -19 -38 0
-5 -75 77 0
-43 69 89 0
12 -25 -50 0
-24 -27 76 0
33 -63 -98 0
-47 -68 -92 0
32 80 90 0
-33 60 69 0
46 -50 -66 0
7 47 57 0
4 -15 86 0
-42 -55 97 0
-19 -32 36 0
-12 -50 -64 0
17 50 66 0
3 21 -74 0
53 -56 77 0
45 50 90 0
-21 -56 60 0