p cnf 100 540
-25 -40 58 0
-25 29 -46 0
-2 -51 -98 0
-10 32 -40 0
-13 -56 91 0
16 70 -81 0
-36 95 98 0
31 49 -86 0
47 59 -85 0
-23 38 -56 0
-27 -52 56 0
-10 36 -84 0
-7 15 -19 0
11 -37 43 0
-3 -43 81 0
63 -93 -95 0
8 77 87 0
13 27 40 0
-53 54 95 0
1 32 -49 0
-6 -75 -92 0
11 -31 96 0
-4 41 54 0
18 88 93 0
30 -44 -59 0
3 -67 -93 0
-43 71 75 0
34 43 -57 0
-14 80 99 0
18 -43 83 0
12 -27 -52 0
37 -80 -98 0
-11 -14 29 0
-46 50 86 0
12 78 -90 0
29 67 -97 0
-82 93 99 0
7 8 16 0
27 -32 42 0
-13 56 70 0
58 -84 -86 0
75 -97 98 0
57 -82 85 0
-24 -62 100 0
5 -41 75 0
3 -43 -69 0
10 -70 75 0
-34 39 -93 0
-11 91 -100 0
2 50 53 0
-25 -36 -58 0
13 -17 43 0
-56 -67 -77 0
-8 35 39 0
-45 -48 -73 0
35 72 86 0
13 -18 -85 0
-4 -12 56 0
-38 57 100 0
-77 -81 96 0
16 45 -58 0
15 -24 -69 0
-1 -60 90 0
11 38 97 0
73 76 89 0
56 -91 -93 0
-56 72 78 0
-30 -40 63 0
-20 60 -91 0
19 53 -74 0
-39 -70 97 0
8 -46 62 0
-2 -53 63 0
7 82 -99 0
-45 62 -73 0
-71 -73 100 0
32 -64 90 0
40 87 -93 0
12 -64 84 0
-45 -50 -63 0
-5 15 -96 0
-52 72 80 0
-50 55 -100 0
-40 -78 -92 0
-25 -32 63 0
-28 62 76 0
-62 -95 99 0
8 9 48 0
75 88 -98 0
13 67 92 0
3 -45 -97 0
-32 39 71 0
-70 -81 -88 0
88 -90 -95 0
3 8 -100 0
62 95 100 0
25 28 -70 0
13 55 -85 0
73 -76 77 0
26 -47 69 0
-12 21 32 0
2 -28 68 0
5 8 -48 0
52 -75 -93 0
-27 -44 96 0
-8 -64 -66 0
18 34 -75 0
-30 70 -100 0
61 -78 84 0
6 -30 -45 0
-26 50 -52 0
9 -15 -69 0
-60 64 -92 0
35 36 65 0
30 87 -99 0
2 31 -40 0
-14 71 72 0
-49 -55 68 0
31 -60 98 0
-40 52 -62 0
14 -76 77 0
37 -87 -96 0
58 78 91 0
-58 -80 -89 0
10 -31 -91 0
-62 72 -99 0
-52 -53 67 0
23 -35 -91 0
2 8 25 0
-8 37 90 0
-29 -93 -97 0
8 18 54 0
-6 -23 48 0
10 -20 -82 0
-60 -78 -90 0
-48 79 85 0
11 -13 -14 0
47 60 74 0
-72 -83 -89 0
-60 72 92 0
-53 -83 85 0
27 -42 -45 0
-43 -79 -93 0
35 -74 -88 0
-7 -27 -59 0
-69 -94 -96 0
1 21 -78 0
-9 47 100 0
-14 -40 -94 0
-42 74 -98 0
-11 -47 -99 0
-7 -21 61 0
4 12 -35 0
5 44 86 0
-6 25 67 0
23 40 -77 0
-51 -55 -99 0
-18 -59 -76 0
-17 43 81 0
19 -35 60 0
-11 -56 -97 0
2 -37 86 0
49 57 -70 0
2 29 52 0
-21 40 -65 0
11 -44 88 0
56 80 85 0
-50 71 85 0
2 10 81 0
57 -62 -74 0
-10 51 -76 0
4 -84 99 0
-10 11 55 0
-56 -77 -94 0
-5 78 -88 0
-35 69 75 0
58 -67 -71 0
5 51 -56 0
35 46 81 0
53 62 -72 0
-18 -48 76 0
6 16 -80 0
-32 79 -81 0
-21 -25 -42 0
-36 -59 -96 0
-80 84 -98 0
-31 -48 90 0
-40 46 81 0
-5 -35 -49 0
60 -64 73 0
-28 47 -76 0
-84 -93 99 0
27 -30 83 0
-18 52 -65 0
-29 76 -97 0
-50 89 96 0
19 57 -87 0
25 -55 -74 0
-21 -55 -99 0
-7 37 -41 0
46 80 89 0
19 88 93 0
-6 -71 74 0
-45 -66 -89 0
41 -42 45 0
-18 53 87 0
51 -52 73 0
-43 59 -80 0
3 -7 82 0
-47 61 -88 0
37 -60 -90 0
46 71 83 0
-8 61 70 0
17 70 72 0
22 46 -73 0
14 29 71 0
6 7 -50 0
-51 -58 -60 0
-8 -35 40 0
-9 -44 -69 0
6 60 64 0
9 14 28 0
72 -73 -83 0
6 -63 64 0
-10 -12 -88 0
-29 41 92 0
67 -77 -92 0
-18 -67 82 0
42 -65 76 0
-31 74 97 0
-3 6 -9 0
42 64 -100 0
7 23 -43 0
-4 -26 59 0
-14 -17 -86 0
60 -61 -76 0
-28 34 -100 0
-18 48 66 0
35 -77 -81 0
-32 -41 -82 0
-24 76 -79 0
-5 -47 49 0
-15 44 73 0
30 65 -71 0
-24 -64 96 0
-53 68 73 0
2 -28 74 0
-56 -58 -86 0
-64 -73 74 0
40 -92 -99 0
-17 69 -88 0
-46 -95 99 0
20 -54 88 0
-10 16 97 0
-4 12 -92 0
24 77 -83 0
-50 59 -73 0
-69 88 92 0
-46 -68 77 0
9 -27 35 0
3 41 -69 0
33 48 92 0
73 79 83 0
-10 15 100 0
24 45 69 0
3 -54 69 0
10 64 77 0
-6 44 91 0
17 -27 88 0
23 28 -99 0
74 -87 -96 0
22 30 51 0
-39 -71 -92 0
-16 29 -83 0
-9 -35 -81 0
28 49 -83 0
30 -50 -60 0
-68 -74 -95 0
-39 54 -92 0
3 8 -83 0
12 42 -88 0
-55 -66 74 0
-59 -68 78 0
-23 33 56 0
-13 -28 -71 0
-7 -50 87 0
-5 -44 -76 0
22 -80 85 0
31 72 86 0
-40 -56 72 0
-31 54 -71 0
23 -35 -44 0
61 92 -96 0
-13 -74 -99 0
-22 40 65 0
-28 57 77 0
2 -40 -93 0
-13 -52 -96 0
-13 -34 -51 0
-40 77 -78 0
44 80 -81 0
8 57 90 0
-64 93 98 0
-50 90 -94 0
-23 -27 -93 0
-22 47 -68 0
-36 54 -71 0
-4 -41 59 0
28 60 97 0
3 -17 50 0
-4 12 -52 0
8 -88 -95 0
-35 -36 73 0
-59 -73 98 0
21 -43 -51 0
15 67 -94 0
29 36 69 0
8 -30 31 0
-64 94 99 0
32 41 -85 0
-38 45 -96 0
-22 74 89 0
10 -52 -59 0
-6 29 40 0
20 60 73 0
4 -54 71 0
-27 -80 91 0
-18 65 -73 0
-40 -67 96 0
8 -52 76 0
36 55 84 0
2 47 79 0
-61 69 96 0
46 86 -93 0
13 -32 82 0
42 -47 -61 0
-5 -6 -7 0
-44 52 -65 0
-28 -41 98 0
-30 -66 95 0
-4 -34 -67 0
-17 -52 53 0
-14 -93 94 0
42 -62 79 0
24 31 81 0
13 65 77 0
26 -49 -56 0
-20 48 -86 0
2 -61 -88 0
-23 52 67 0
-47 71 91 0
-13 32 61 0
45 -47 90 0
-1 33 69 0
-30 -43 -78 0
-30 53 -58 0
-6 25 38 0
-5 -13 -92 0
20 44 -76 0
28 46 95 0
61 -70 -80 0
14 -63 -67 0
-44 -78 -94 0
-5 -10 -25 0
-4 -39 63 0
-44 -58 92 0
-23 -41 -87 0
26 65 70 0
10 -13 -48 0
-24 58 -64 0
8 -40 -98 0
2 45 93 0
7 -32 -34 0
14 16 -34 0
-21 -46 81 0
12 -17 -25 0
-4 37 -61 0
-22 80 -86 0
8 -35 46 0
29 -40 -62 0
5 23 -69 0
60 -68 93 0
21 30 -63 0
-3 -6 98 0
-11 -48 62 0
-5 6 30 0
34 55 93 0
-35 -46 -66 0
39 -67 74 0
23 -33 85 0
-29 -45 53 0
-24 -50 56 0
77 -84 87 0
-4 40 -55 0
33 68 71 0
51 68 -93 0
-3 -4 66 0
-69 72 -87 0
-36 -65 72 0
10 -33 -60 0
-74 -75 91 0
31 -88 -96 0
56 80 -96 0
-36 37 -84 0
71 87 93 0
6 43 -74 0
-21 64 85 0
7 66 98 0
-22 -40 68 0
-9 -94 100 0
23 61 63 0
-28 -67 95 0
-11 82 -87 0
21 -24 -41 0
8 -47 -58 0
-2 -25 47 0
27 -32 -55 0
57 74 75 0
42 -89 -90 0
34 -41 -88 0
4 -28 89 0
46 54 88 0
5 -32 -33 0
-54 -56 96 0
-50 -57 -63 0
-1 -65 69 0
1 -4 22 0
-31 -36 89 0
4 -47 88 0
63 -95 -99 0
-19 71 -88 0
-1 23 60 0
-8 77 84 0
15 -26 69 0
11 -31 64 0
-27 28 61 0
-1 16 82 0
-65 -72 73 0
67 95 -97 0
-12 -64 -95 0
2 -11 -72 0
41 73 -83 0
-54 -57 -79 0
-14 -81 88 0
54 -57 -91 0
8 -58 -69 0
55 -57 -60 0
8 55 94 0
15 -88 93 0
-8 10 -70 0
-3 70 100 0
34 -54 -65 0
-7 -32 94 0
1 -5 23 0
-9 -15 -46 0
32 -46 84 0
30 43 -78 0
7 -36 -42 0
-2 -16 -77 0
-18 -20 -34 0
3 24 -76 0
-41 -91 -100 0
62 94 96 0
-16 -41 -83 0
-19 -37 -81 0
8 21 -25 0
-32 -56 77 0
-11 17 -66 0
32 -38 46 0
-23 -29 -65 0
-12 45 -62 0
3 -29 -60 0
-3 -57 -89 0
-4 70 -90 0
-18 69 73 0
-17 -64 -70 0
45 60 -66 0
-6 40 -44 0
-19 -43 -83 0
61 -95 96 0
-23 35 73 0
26 -58 -95 0
-6 27 -72 0
-34 -36 67 0
-49 87 99 0
-23 -69 81 0
25 46 68 0
-24 36 80 0
5 -28 -51 0
19 39 -90 0
18 -30 -45 0
-26 33 -71 0
28 44 -54 0
47 82 -97 0
12 -36 -83 0
-9 -50 -56 0
41 -81 98 0
8 68 99 0
12 51 90 0
9 79 91 0
-6 -15 -60 0
38 70 -77 0
36 -41 56 0
36 50 81 0
-21 -69 72 0
-8 55 -78 0
-7 27 -57 0
18 -70 92 0
12 28 66 0
-36 -42 -53 0
12 43 60 0
58 69 -75 0
-21 -52 94 0
-7 16 -55 0
-5 -8 50 0
-21 -27 40 0
54 -62 -66 0
12 56 -83 0
-6 -18 28 0
44 78 95 0
31 -69 78 0
5 20 -27 0
-54 75 77 0
34 35 98 0
-8 -25 -42 0
-1 -66 -98 0
-44 84 -98 0
38 89 95 0
-3 -4 68 0
3 -7 -83 0
27 -34 97 0
-28 38 57 0
4 39 55 0
23 -63 89 0
9 -25 88 0
-45 -51 -87 0
68 77 79 0
-13 -15 94 0
-38 43 65 0
14 74 90 0