p cnf 100 400
46 65 -96 0
30 75 96 0
-6 -93 -97 0
15 -55 71 0
49 -69 -80 0
-38 60 -75 0
-2 50 63 0
33 -47 55 0
17 53 75 0
-33 54 71 0
23 -67 72 0
11 -32 41 0
27 -72 78 0
3 -39 -80 0
-9 -32 72 0
-34 49 -74 0
-35 37 73 0
-14 65 -86 0
15 -31 96 0
-7 12 -50 0
17 22 -96 0
-29 -52 73 0
-13 -31 45 0
14 41 -98 0
-33 -63 -99 0
-82 -94 -99 0
54 -74 -87 0
-38 71 -85 0
-8 -9 -43 0
2 13 -59 0
6 -25 -96 0
11 89 92 0
-7 41 73 0
-48 -50 85 0
-44 79 -91 0
-1 -14 19 0
-61 67 83 0
15 -58 65 0
-17 36 -54 0
-13 -45 91 0
28 -68 92 0
-47 59 84 0
-22 59 65 0
25 58 89 0
50 -68 73 0
26 66 89 0
-9 38 82 0
-47 -54 -93 0
39 49 -57 0
-26 -78 -82 0
54 -79 90 0
-4 32 91 0
-35 95 97 0
21 -33 -62 0
13 -62 75 0
57 -64 -72 0
-28 50 -95 0
2 -80 -89 0
46 77 -95 0
-16 -34 49 0
23 -46 -54 0
22 46 -99 0
-32 -59 97 0
26 -46 55 0
-49 51 84 0
14 -28 -61 0
21 54 63 0
-32 -41 -50 0
-14 25 58 0
7 33 -55 0
-16 -30 63 0
-5 9 97 0
-16 68 -99 0
22 -33 -90 0
9 16 -55 0
9 -51 66 0
-10 37 -94 0
11 -56 78 0
-49 55 -60 0
43 58 76 0
6 11 73 0
-3 12 -42 0
76 87 -100 0
-1 -14 42 0
23 -86 92 0
-18 73 -81 0
-9 -54 81 0
-24 -33 -35 0
11 33 -68 0
59 73 88 0
-9 -31 -87 0
2 24 80 0
49 -67 73 0
39 40 -89 0
37 -51 74 0
4 -54 -59 0
13 -21 -57 0
-47 -57 -73 0
-34 -43 58 0
42 -74 -75 0
-33 -60 -76 0
1 -12 -71 0
55 77 97 0
32 74 88 0
-19 87 96 0
58 60 81 0
7 24 79 0
-4 56 -71 0
77 -93 96 0
49 70 78 0
-60 -64 87 0
-36 -45 74 0
24 -25 37 0
7 -26 81 0
26 33 -52 0
-26 -73 80 0
-15 -56 71 0
-26 -68 78 0
-29 -56 -81 0
34 48 88 0
-14 -38 -47 0
65 82 86 0
-20 -37 49 0
34 67 -74 0
23 -29 98 0
-31 76 -93 0
-29 -45 -66 0
-29 -31 -37 0
1 56 -61 0
37 76 -85 0
76 -95 -96 0
1 17 -26 0
60 64 -100 0
37 39 -60 0
-21 44 -62 0
-38 -60 75 0
3 -89 -97 0
-5 83 -90 0
-11 -29 -39 0
5 22 69 0
2 17 -30 0
-1 24 -79 0
-13 -17 91 0
-6 10 35 0
59 88 -92 0
15 -16 -20 0
-33 39 -47 0
73 -75 90 0
-13 46 83 0
-20 35 -75 0
39 50 56 0
4 19 -21 0
4 17 -46 0
8 95 -98 0
-8 53 78 0
-56 -66 96 0
47 -69 85 0
-44 57 -94 0
2 10 45 0
17 -32 -45 0
-69 -88 97 0
-17 40 -53 0
-4 63 82 0
48 -76 -86 0
4 34 96 0
28 48 -66 0
-21 -64 86 0
-13 28 33 0
10 20 44 0
25 -43 -57 0
-3 20 73 0
17 -31 -95 0
13 -40 50 0
9 51 82 0
-11 -79 88 0
5 78 -82 0
-6 11 -13 0
18 62 -90 0
-21 -28 57 0
33 -39 85 0
-14 16 25 0
27 -79 80 0
-40 42 78 0
-47 -57 89 0
15 17 92 0
-5 75 86 0
-22 -34 -51 0
19 -33 44 0
-43 -62 -64 0
5 -15 49 0
50 -59 -85 0
10 -54 -78 0
-4 -79 -88 0
-5 -45 -80 0
14 -50 -86 0
-15 43 50 0
-12 58 90 0
-48 -77 -93 0
-4 37 -93 0
4 -55 -78 0
23 -50 -65 0
26 41 94 0
17 46 -78 0
-21 32 91 0
36 -55 68 0
-15 30 -47 0
-14 -20 27 0
-23 46 -78 0
47 55 -90 0
-38 -93 96 0
29 56 -94 0
-31 -59 69 0
21 -38 96 0
-3 20 71 0
-24 55 92 0
19 24 57 0
49 50 -73 0
47 65 -69 0
-21 76 93 0
-57 61 -88 0
14 61 -98 0
2 -60 -89 0
-6 -67 87 0
20 -73 98 0
26 48 91 0
-11 -13 -41 0
-39 -46 -70 0
11 -17 23 0
43 -76 -94 0
-16 -71 -79 0
-51 -89 93 0
-12 -33 36 0
-46 -87 91 0
35 -64 71 0
14 82 100 0
-10 71 87 0
-51 70 72 0
-7 -65 74 0
-56 65 -97 0
-7 -61 -96 0
-6 63 -76 0
-30 -38 -75 0
12 74 88 0
45 -70 91 0
26 47 94 0
61 -77 -97 0
-55 86 100 0
-32 38 72 0
-24 -32 89 0
39 40 91 0
12 -16 22 0
-15 -22 -89 0
-4 69 -99 0
-7 -84 94 0
-17 27 64 0
8 14 48 0
-15 80 -83 0
-4 24 -79 0
20 47 62 0
45 65 -99 0
12 -70 -77 0
-22 34 92 0
62 -74 96 0
-37 49 92 0
44 -48 -71 0
-36 -52 -65 0
14 74 79 0
-32 54 57 0
-33 69 70 0
-12 28 35 0
-15 -59 -72 0
-16 -42 97 0
25 51 -56 0
-22 80 97 0
-29 -76 -95 0
-42 -72 79 0
19 27 -94 0
-35 37 61 0
50 -87 94 0
-21 60 -61 0
-47 85 98 0
-3 25 91 0
-12 45 -77 0
-78 86 -98 0
-24 44 78 0
-5 38 91 0
37 -66 97 0
-6 -76 86 0
25 42 -66 0
-18 72 -86 0
9 26 87 0
29 43 88 0
18 -31 68 0
33 74 -89 0
-21 -40 -82 0
-30 52 67 0
-22 -37 70 0
47 52 78 0
-2 84 90 0
65 66 -68 0
12 -16 -22 0
-4 -49 -54 0
-36 77 -93 0
3 9 -91 0
-25 -31 43 0
48 62 67 0
-18 31 -77 0
-1 -10 -53 0
22 71 91 0
-3 67 80 0
1 -39 76 0
61 -89 95 0
6 -48 74 0
31 44 73 0
10 57 -87 0
17 -28 -90 0
11 41 -49 0
15 47 100 0
-11 -24 -47 0
17 -33 88 0
-79 -92 99 0
-30 -65 -88 0
6 16 71 0
-58 -68 -91 0
46 51 -82 0
84 -92 -100 0
-15 -68 -100 0
16 -82 -94 0
-14 -49 -65 0
-15 36 -84 0
18 37 -61 0
5 43 -67 0
-49 -63 -74 0
24 -84 94 0
5 -40 -41 0
-62 83 99 0
-24 46 -68 0
45 -49 84 0
-3 -76 -78 0
36 78 96 0
8 -43 50 0
42 74 -94 0
-19 -41 -43 0
29 -81 -95 0
46 70 95 0
-22 -24 100 0
-29 41 -71 0
26 -73 74 0
8 30 68 0
8 9 56 0
30 43 67 0
46 -74 85 0
34 46 72 0
5 -26 -85 0
-21 -58 92 0
-44 53 78 0
4 -47 98 0
-41 -64 -99 0
5 17 -33 0
-63 -84 100 0
12 -21 -46 0
-16 -34 71 0
14 21 -68 0
-9 13 -92 0
13 -45 -66 0
-2 30 -97 0
-62 87 95 0
-52 82 94 0
-58 59 -79 0
16 -95 96 0
1 -3 -35 0
40 -56 88 0
26 35 60 0
-25 -51 -93 0
37 68 -95 0
-31 -35 -38 0
-15 78 -85 0
37 61 -99 0
-1 81 91 0
8 -47 -88 0
9 32 75 0
1 -46 -70 0
-57 -65 75 0
38 -40 -83 0
17 34 91 0
-13 15 89 0
3 71 72 0
-4 57 -95 0
4 88 93 0
37 57 58 0
81 91 99 0
21 50 51 0
-67 -91 92 0
-31 78 -90 0
15 -20 47 0
-25 26 56 0
-36 37 79 0
16 27 -88 0
13 -93 94 0
-43 -64 -85 0