p cnf 100 400
47 72 -73 0
21 -25 -71 0
1 45 100 0
-31 -63 100 0
-28 -38 -46 0
-64 -66 -78 0
21 22 -92 0
13 -38 -39 0
-12 -47 -51 0
9 -31 -47 0
25 70 76 0
48 -51 71 0
13 68 -84 0
-15 20 57 0
6 31 87 0
-31 -55 -73 0
26 48 68 0
-15 -28 43 0
11 17 41 0
-40 -64 85 0
3 14 80 0
19 -47 60 0
-6 22 -25 0
26 30 -74 0
-6 39 -100 0
-35 -83 94 0
68 -78 -91 0
-17 38 45 0
26 39 75 0
-6 69 86 0
11 -34 -66 0
36 49 51 0
16 24 -96 0
78 79 -92 0
68 -75 86 0
18 33 74 0
29 50 51 0
-21 39 -89 0
-36 -57 90 0
-24 -89 -97 0
-24 30 67 0
75 -76 -83 0
29 -31 -67 0
-32 -35 36 0
-22 59 -62 0
1 -56 -85 0
-3 -46 -75 0
-18 40 -64 0
56 59 -90 0
-4 49 60 0
67 -71 -89 0
46 48 89 0
-7 -83 -93 0
2 10 -91 0
-14 -70 -92 0
-25 53 -92 0
42 64 -72 0
56 63 -77 0
1 16 -83 0
52 72 76 0
76 82 -99 0
-11 43 -78 0
-5 27 90 0
3 82 -91 0
-23 -33 45 0
-1 -56 75 0
31 -37 -89 0
-8 37 -85 0
65 69 -89 0
2 -19 -22 0
8 -63 -93 0
26 48 61 0
38 41 -57 0
-41 -76 87 0
15 -16 59 0
-43 -60 -78 0
-29 -42 -98 0
30 -54 76 0
-7 -27 29 0
72 -82 -95 0
44 -85 96 0
-59 -71 73 0
-18 57 -82 0
-3 78 -87 0
29 80 -87 0
-35 44 -88 0
-10 16 21 0
52 -62 74 0
-13 21 26 0
5 23 -87 0
-29 -66 -88 0
-26 51 97 0
11 -79 92 0
-2 -37 94 0
-56 -59 -93 0
-31 -41 49 0
-7 43 -61 0
27 -56 -85 0
-28 45 -57 0
-12 17 94 0
1 -35 -73 0
-6 72 87 0
-46 -84 -92 0
3 80 -100 0
5 -28 -39 0
-30 -31 -65 0
-51 69 -100 0
-6 55 68 0
-6 -86 97 0
-33 76 -80 0
28 -45 93 0
11 42 66 0
19 83 -88 0
-60 72 -98 0
-40 53 -73 0
-6 35 39 0
45 72 97 0
18 -34 93 0
25 29 100 0
30 45 -74 0
9 12 67 0
-57 -76 -82 0
21 45 -91 0
-4 18 29 0
-7 76 87 0
1 -68 89 0
-53 81 87 0
-13 -54 65 0
25 -50 -100 0
6 -16 86 0
-38 45 -49 0
-14 -79 87 0
-28 33 40 0
-11 -36 73 0
-27 46 -48 0
67 81 89 0
-14 17 70 0
-6 -59 -75 0
16 35 96 0
-36 60 -81 0
1 7 88 0
-11 -40 -51 0
-17 32 -83 0
22 50 -55 0
-9 21 -57 0
-30 53 -96 0
39 44 -50 0
47 -78 90 0
-11 58 -67 0
-2 23 78 0
-2 -9 32 0
12 68 100 0
31 35 41 0
18 -22 24 0
-18 32 -36 0
10 -44 -99 0
-4 -31 58 0
-18 38 -94 0
-11 81 -83 0
25 -69 -98 0
-29 -44 87 0
3 -12 -60 0
46 57 -89 0
18 25 83 0
-6 34 65 0
20 -65 98 0
74 -75 -97 0
9 -18 -59 0
15 -75 -90 0
-16 97 -98 0
-14 66 88 0
70 82 97 0
6 -32 96 0
-15 -78 -92 0
-35 -84 86 0
-14 77 99 0
-21 -70 92 0
34 -75 -94 0
13 53 -66 0
47 66 83 0
-34 -80 -94 0
-25 -48 68 0
-56 85 -89 0
-20 -46 -68 0
6 -7 53 0
-15 -16 71 0
85 89 91 0
20 72 -98 0
29 -36 72 0
30 76 -94 0
32 76 -99 0
-56 -75 -92 0
-21 49 -66 0
16 52 -100 0
21 63 -78 0
-46 -51 84 0
19 41 44 0
-4 77 98 0
59 61 -83 0
-23 69 -93 0
44 -49 -65 0
-59 90 96 0
1 2 -84 0
4 35 -66 0
27 -59 83 0
1 -43 74 0
-13 19 -59 0
-6 67 68 0
-3 45 73 0
-15 66 -67 0
-22 -36 -82 0
-1 25 -78 0
-20 -45 -69 0
-5 83 -96 0
25 40 95 0
-13 66 70 0
38 -49 71 0
-33 -58 -64 0
-7 -27 -56 0
30 -60 -99 0
4 -10 -31 0
11 -15 95 0
-7 -62 74 0
-41 -53 76 0
-28 32 -70 0
-16 -41 -60 0
-12 34 50 0
50 74 85 0
13 48 -85 0
25 45 87 0
43 58 -76 0
-21 -34 -46 0
-75 -79 -87 0
40 51 56 0
22 34 -87 0
62 63 67 0
-38 50 -60 0
3 -21 -79 0
9 62 93 0
33 -85 -94 0
-13 -73 -94 0
12 34 -94 0
29 -36 90 0
-12 -79 -92 0
32 39 65 0
-7 79 -83 0
-2 22 68 0
1 3 -60 0
18 -70 -86 0
-30 53 61 0
-64 68 -71 0
54 -74 82 0
26 -46 58 0
3 -5 66 0
-6 31 40 0
55 -56 -67 0
-17 18 56 0
14 42 -51 0
38 -76 -97 0
31 -61 -91 0
-37 53 99 0
-17 -85 -88 0
-6 10 -86 0
17 -72 77 0
4 -26 61 0
9 48 -53 0
64 -80 -91 0
61 97 99 0
-29 59 62 0
27 -64 80 0
-3 -6 42 0
-18 -35 -76 0
5 58 93 0
20 -32 -54 0
27 -28 -82 0
-1 -3 -99 0
-20 -33 69 0
-1 2 68 0
5 64 98 0
-16 38 -63 0
-27 -38 -96 0
-17 27 -41 0
22 -72 94 0
-14 -65 -98 0
-30 -65 87 0
15 22 -97 0
4 20 76 0
31 64 -70 0
-7 -70 -71 0
-40 -72 -87 0
-30 60 91 0
26 53 76 0
1 67 72 0
58 -67 77 0
-30 65 -91 0
-77 91 95 0
-21 65 -93 0
-29 -50 55 0
-43 81 86 0
-12 -18 -46 0
1 93 -97 0
-76 -86 98 0
17 18 35 0
-39 41 83 0
-25 43 71 0
-37 -59 99 0
-74 -78 86 0
12 -51 -77 0
-10 90 93 0
-25 -67 79 0
8 19 -89 0
-45 70 90 0
-11 -52 94 0
1 22 -48 0
70 -86 89 0
-3 15 50 0
-42 -59 -73 0
-1 -26 67 0
14 -43 81 0
-38 -39 -91 0
11 -24 29 0
16 20 47 0
25 49 -81 0
22 40 84 0
-3 11 -97 0
-7 -18 57 0
-31 -71 -87 0
-9 60 -65 0
47 83 -94 0
-2 30 98 0
20 33 71 0
9 -93 -97 0
-20 -45 -59 0
-37 80 -85 0
44 -48 -78 0
-10 -26 -49 0
54 -73 100 0
-20 -47 -99 0
26 -68 81 0
38 -48 72 0
-36 42 99 0
74 -79 90 0
4 -14 -64 0
-67 -82 100 0
-47 -56 79 0
-3 -30 -69 0
-32 34 60 0
-47 84 98 0
-11 -46 -74 0
-52 65 -68 0
43 84 89 0
-9 10 -32 0
39 70 -88 0
-19 83 -99 0
4 -55 -94 0
34 52 -68 0
-3 4 -68 0
64 -79 85 0
-27 -78 84 0
-52 -77 -95 0
34 -59 70 0
3 31 55 0
-12 63 95 0
-28 -43 56 0
71 -80 95 0
-26 -47 -73 0
-55 -69 93 0
30 -64 -74 0
34 38 77 0
-48 55 91 0
26 34 -40 0
-19 -42 -71 0
-19 45 99 0
-40 -47 -63 0
-11 -52 -88 0
-36 67 -92 0
-33 34 36 0
42 -91 95 0
8 -36 -98 0
17 52 -55 0
67 -70 -73 0
-15 -35 -100 0
-4 -67 93 0
45 89 -96 0
48 -86 -96 0
39 -62 68 0
21 -26 -87 0
-26 35 -89 0
-1 52 81 0
12 -66 89 0
-2 73 74 0
10 38 -99 0
27 -83 -85 0
-32 -94 -97 0
14 -26 84 0
-26 53 72 0
3 -26 43 0
-24 25 52 0
-24 25 -78 0
-44 58 -63 0