p cnf 100 460
-47 70 83 0
33 86 92 0
17 49 -73 0
57 -77 -83 0
-60 62 -66 0
-12 -54 99 0
-16 -58 95 0
74 -83 -93 0
-19 63 -95 0
-19 -29 -33 0
-3 29 -96 0
7 -13 -93 0
44 -63 -73 0
-28 71 79 0
-53 -59 69 0
-35 49 94 0
-2 -26 -72 0
58 65 -91 0
20 74 100 0
26 -29 68 0
-19 -25 60 0
-21 62 90 0
38 62 95 0
18 -23 -38 0
-41 -48 -53 0
-15 -40 -42 0
55 62 -77 0
-3 54 79 0
33 -65 87 0
-15 -39 -64 0
55 61 -93 0
-2 87 94 0
80 -96 -98 0
-31 42 70 0
-41 86 -96 0
-54 -62 93 0
-14 19 -58 0
2 83 -100 0
-16 50 82 0
81 -95 -97 0
12 40 80 0
-28 -58 95 0
11 55 -73 0
-48 -57 -90 0
33 68 70 0
-11 65 -85 0
-26 32 73 0
53 -86 -100 0
-17 -23 27 0
-70 79 82 0
-11 -32 41 0
28 52 71 0
3 17 41 0
-11 50 -51 0
-12 28 -52 0
20 39 93 0
-17 -26 67 0
-8 19 -71 0
5 -16 -61 0
30 -39 -50 0
30 56 62 0
-12 22 45 0
-2 -22 85 0
49 52 63 0
43 -48 -77 0
2 15 -84 0
-14 16 -63 0
32 -34 -83 0
5 -27 73 0
9 15 66 0
-16 30 66 0
-21 36 -82 0
22 -26 -85 0
18 43 48 0
40 -43 -79 0
-49 -78 -85 0
35 -54 95 0
-2 -46 -87 0
29 -48 50 0
16 24 64 0
-19 23 -98 0
-24 86 -90 0
-18 22 34 0
-10 51 -81 0
-24 -50 -81 0
-8 70 -80 0
-23 -50 71 0
62 -65 89 0
51 70 -100 0
-26 -43 80 0
-76 85 87 0
5 -37 -39 0
-16 -56 -74 0
7 -64 83 0
18 78 -86 0
23 47 -92 0
2 -85 88 0
-60 61 90 0
3 -8 56 0
-66 87 -93 0
-6 -59 -70 0
-7 30 -85 0
42 46 48 0
-23 43 53 0
4 52 58 0
-17 -77 -87 0
-77 86 -93 0
-21 -58 -67 0
-44 86 94 0
-56 -78 -80 0
29 35 46 0
-82 83 -87 0
-8 -76 -83 0
28 -46 57 0
48 93 95 0
-72 83 94 0
-47 77 99 0
6 -63 -97 0
37 -62 100 0
15 -17 36 0
-15 -61 64 0
-7 46 -78 0
8 -69 73 0
32 -72 73 0
26 68 -80 0
-38 -71 -94 0
6 -67 80 0
40 56 58 0
-18 44 74 0
-8 36 -89 0
-7 49 61 0
-3 -14 -51 0
5 -61 80 0
48 64 100 0
-9 -35 36 0
-19 27 -40 0
-27 42 -62 0
30 40 89 0
-14 31 -93 0
-3 -65 -73 0
7 -52 -60 0
55 92 94 0
13 -21 -82 0
21 -53 95 0
-43 59 -92 0
7 85 93 0
13 21 24 0
3 -4 20 0
20 66 83 0
-35 -38 65 0
-8 -53 69 0
-20 -53 83 0
-1 -57 85 0
-8 15 -43 0
56 -80 100 0
34 -43 63 0
-70 92 93 0
-51 -72 -93 0
6 -17 -70 0
2 11 -75 0
13 35 59 0
-3 74 76 0
52 77 98 0
56 68 88 0
31 62 79 0
-24 -25 97 0
1 -16 48 0
-10 -39 93 0
-7 17 -52 0
-59 71 86 0
27 35 62 0
20 33 57 0
39 -72 -99 0
82 -99 -100 0
-23 40 -49 0
-39 -44 -72 0
-47 51 58 0
49 -51 55 0
15 -56 -69 0
1 33 61 0
-12 14 -24 0
-39 -55 60 0
12 -59 -63 0
5 32 89 0
-14 76 -100 0
13 30 89 0
23 45 -61 0
-17 -66 72 0
59 61 95 0
-25 31 -55 0
-10 -37 -43 0
12 42 87 0
-68 82 -89 0
-38 50 -53 0
22 47 -60 0
-27 -48 62 0
13 42 95 0
55 77 84 0
-28 37 -41 0
6 -57 -62 0
43 -49 91 0
16 -79 91 0
59 -85 -99 0
-5 68 -93 0
-61 -71 89 0
62 -69 99 0
-4 44 -62 0
21 57 73 0
15 19 97 0
35 38 99 0
-5 47 76 0
-6 -12 -79 0
-12 51 66 0
6 81 99 0
49 -62 -88 0
-35 69 92 0
12 13 -37 0
29 71 74 0
12 43 -54 0
27 38 -93 0
-37 41 -90 0
15 31 42 0
-15 42 80 0
16 -17 -31 0
-4 -8 58 0
20 58 -94 0
34 -55 -90 0
27 70 -83 0
-36 48 -68 0
26 60 -95 0
-23 25 -98 0
9 -26 -27 0
-30 42 82 0
-1 -21 -69 0
22 -37 -66 0
46 56 -73 0
5 36 68 0
-38 49 -76 0
-10 -40 71 0
7 -13 89 0
-15 22 -53 0
47 52 -99 0
-27 44 -96 0
2 -16 96 0
-11 -57 -89 0
47 79 91 0
25 -31 -83 0
16 27 95 0
18 -21 -95 0
-20 -56 74 0
-12 -92 97 0
1 -11 18 0
-27 -72 -82 0
-20 -38 68 0
-1 5 72 0
-4 -43 -88 0
5 -88 98 0
50 -72 -81 0
21 23 -40 0
-5 -46 48 0
32 -36 -45 0
-23 -65 -96 0
39 -79 -93 0
-2 -14 -51 0
-5 -19 -33 0
-22 27 32 0
4 -20 79 0
16 -30 -80 0
1 11 -24 0
-20 35 100 0
-39 53 -73 0
10 14 83 0
35 -49 50 0
-9 24 -90 0
11 -23 27 0
25 46 98 0
-70 -84 -85 0
64 -77 97 0
-27 36 -80 0
-25 53 57 0
11 -75 77 0
52 87 92 0
-17 -34 -98 0
-18 -34 38 0
-46 -75 80 0
-10 32 71 0
-21 23 51 0
9 22 28 0
73 92 93 0
11 -31 78 0
-22 45 -67 0
21 -43 -96 0
29 -70 78 0
32 59 79 0
-73 -76 80 0
-5 -29 -98 0
24 74 95 0
-13 38 85 0
50 59 93 0
-16 40 63 0
25 63 81 0
28 -49 58 0
55 58 -92 0
-25 -45 93 0
12 -71 -72 0
-5 -61 -64 0
-24 63 97 0
-23 59 64 0
29 -58 -70 0
-1 18 70 0
-47 74 90 0
-18 19 -53 0
-11 -88 -100 0
-29 72 -85 0
-69 -84 91 0
-13 -89 -90 0
-49 -60 68 0
-48 69 -74 0
-20 -55 -97 0
-71 -86 93 0
-41 -77 78 0
1 -16 61 0
-43 62 -69 0
28 -70 -72 0
25 -26 -57 0
-13 -51 -99 0
-2 -3 -26 0
-36 63 91 0
29 51 -65 0
-40 50 84 0
32 35 -64 0
25 -67 71 0
-19 22 -33 0
21 -46 75 0
3 -28 68 0
13 25 37 0
7 -44 84 0
52 63 95 0
-48 73 -95 0
-15 27 77 0
19 -40 60 0
-38 -78 -81 0
-62 -80 -89 0
-49 54 -88 0
18 19 72 0
7 -32 -87 0
42 -67 98 0
37 -43 -70 0
-41 60 82 0
-61 -71 75 0
-60 -91 -99 0
-12 -35 -98 0
-4 -46 -66 0
31 -50 -56 0
56 74 78 0
-42 78 93 0
-39 66 -68 0
-7 24 -85 0
-10 70 -84 0
-20 -39 60 0
3 6 -64 0
-16 -17 90 0
28 -33 -69 0
20 25 62 0
-12 14 89 0
-16 -24 84 0
7 41 -72 0
1 -27 -74 0
-18 -23 52 0
32 -42 89 0
61 -64 74 0
-23 -63 74 0
-57 -73 -93 0
-16 -50 -93 0
7 -43 -60 0
-39 -50 63 0
10 -36 96 0
66 72 -90 0
62 -70 99 0
66 70 75 0
7 66 -75 0
-17 -47 59 0
-4 -18 -45 0
-50 76 87 0
6 -17 -72 0
14 -23 70 0
6 32 41 0
-37 43 76 0
4 6 -47 0
43 65 68 0
49 -52 84 0
-16 84 96 0
-9 71 100 0
3 65 79 0
1 -8 -52 0
19 -36 -98 0
-7 21 82 0
-70 -93 -100 0
44 -59 98 0
31 -46 62 0
-4 64 -94 0
36 75 -99 0
2 48 -50 0
-72 73 -83 0
54 -62 82 0
-47 -76 89 0
40 48 -95 0
47 49 70 0
38 -58 93 0
-37 -46 -63 0
-13 -23 68 0
-55 85 87 0
-1 -7 93 0
66 -78 -92 0
2 59 -83 0
-56 80 91 0
-15 57 -100 0
15 28 71 0
37 76 -93 0
23 -29 -92 0
46 68 -92 0
-50 86 92 0
11 87 91 0
1 66 -95 0
-24 -39 58 0
32 66 68 0
62 69 -70 0
-68 74 -86 0
-8 14 62 0
-33 -49 87 0
8 -46 91 0
-5 -45 -78 0
-16 -23 -90 0
-3 46 -83 0
6 52 75 0
-27 -62 97 0
15 24 -64 0
31 33 48 0
66 -84 -85 0
24 -52 57 0
11 42 60 0
-11 -43 54 0
7 32 88 0
-81 93 95 0
12 29 -41 0
-4 -93 98 0
49 88 -90 0
3 51 -94 0
38 -48 86 0
-34 -54 -83 0
21 -48 -80 0
-30 -42 -59 0
-37 48 65 0
-3 -39 94 0
-48 59 -67 0
17 47 -80 0
22 54 60 0
13 72 -82 0
26 -71 92 0
-34 -60 74 0