p cnf 100 320
3 -48 90 0
-62 84 -92 0
3 -21 58 0
23 28 92 0
73 80 89 0
-33 -66 78 0
-32 -35 -68 0
-25 -76 -97 0
-19 23 82 0
-40 81 -84 0
24 64 84 0
-30 45 46 0
-62 -86 95 0
-59 69 83 0
15 42 72 0
22 44 -53 0
-20 72 93 0
-32 34 -39 0
19 -55 60 0
6 -65 67 0
-2 -6 19 0
3 61 -70 0
5 -16 67 0
27 -37 61 0
18 27 -43 0
-2 34 -43 0
-23 -60 -75 0
-62 67 -72 0
14 36 -77 0
-57 88 95 0
1 -30 53 0
-13 -18 -61 0
-30 -48 -64 0
16 -42 97 0
27 -63 -78 0
28 64 -86 0
59 65 67 0
19 22 35 0
-34 35 45 0
1 -51 -71 0
-11 -24 -41 0
45 -63 -73 0
21 27 -50 0
39 78 -85 0
-9 -31 -84 0
34 52 82 0
5 -30 -82 0
-6 -41 -93 0
26 -67 69 0
30 -69 -74 0
14 -47 -75 0
22 -45 90 0
-27 87 98 0
-42 -45 -49 0
20 -42 43 0
-63 89 -90 0
43 78 82 0
26 63 75 0
-47 65 77 0
10 37 50 0
-15 -27 -77 0
-2 6 94 0
1 5 -80 0
11 -82 83 0
-16 -69 -99 0
-12 72 -82 0
23 -48 53 0
-30 44 60 0
36 81 97 0
6 -19 94 0
-1 28 64 0
-20 -28 -29 0
-6 22 85 0
26 -27 -70 0
-52 -63 90 0
7 49 56 0
-26 62 -79 0
-8 18 -90 0
21 24 65 0
-26 -40 71 0
-6 -33 46 0
70 85 -89 0
45 -46 -97 0
-16 -43 -49 0
-10 -13 -43 0
13 -55 -72 0
-3 -19 26 0
-7 25 44 0
-43 -60 70 0
19 25 73 0
-41 51 -73 0
81 85 100 0
-12 24 -33 0
20 47 -78 0
-8 -88 89 0
-4 29 -87 0
-16 37 -64 0
9 68 -71 0
-62 -86 -98 0
-1 18 -68 0
-83 87 -98 0
-45 -91 94 0
40 -61 -87 0
34 76 87 0
-59 -69 91 0
13 -16 73 0
-34 -37 -42 0
-2 11 -12 0
61 -67 -70 0
47 74 78 0
-16 39 -65 0
-11 31 54 0
55 77 98 0
-66 72 86 0
22 27 -50 0
3 32 -84 0
-13 38 76 0
-1 84 -91 0
15 44 60 0
8 -39 80 0
-16 -63 73 0
-6 -48 -79 0
48 -55 90 0
3 -67 73 0
-12 -77 -95 0
11 -41 55 0
-42 -56 -62 0
-42 -45 84 0
-47 -60 93 0
-24 28 -49 0
-42 63 -96 0
12 41 47 0
2 34 68 0
-11 29 86 0
20 -53 57 0
-6 24 65 0
96 -99 100 0
41 -60 80 0
-2 4 71 0
-9 43 80 0
-9 -21 -56 0
12 -59 65 0
-8 13 29 0
-6 49 -95 0
-12 -39 91 0
-40 -44 63 0
-12 -59 77 0
-45 60 63 0
-29 30 -47 0
59 62 93 0
-23 -31 59 0
84 92 -99 0
-5 -20 36 0
1 5 25 0
48 76 -78 0
31 -38 50 0
-61 -67 -82 0
-20 21 -74 0
41 -49 -83 0
42 -64 -96 0
1 -86 98 0
-12 39 -70 0
9 10 84 0
-35 -48 75 0
4 50 71 0
21 -34 70 0
12 -71 -98 0
34 68 91 0
-7 51 -75 0
-38 39 -78 0
7 14 -54 0
-43 60 -67 0
10 32 39 0
-11 -18 43 0
-24 43 -60 0
-40 93 100 0
-55 -60 76 0
-11 85 -90 0
45 -68 99 0
8 31 -98 0
-21 33 76 0
61 -74 -94 0
-8 9 32 0
-66 92 98 0
-40 42 -87 0
-19 38 39 0
44 -89 90 0
30 -87 89 0
-27 -47 -64 0
-73 88 -91 0
1 56 -66 0
13 43 -95 0
15 28 88 0
-87 91 -96 0
12 88 -98 0
32 50 -66 0
-42 53 -98 0
-43 67 82 0
-26 -38 -39 0
-38 -42 -46 0
-16 40 54 0
12 16 -61 0
-20 41 76 0
24 -44 77 0
30 42 86 0
10 -22 73 0
10 -60 -72 0
-58 -84 -89 0
19 75 -91 0
-14 34 87 0
30 -54 75 0
12 -32 -82 0
-37 -66 99 0
-4 55 -66 0
13 -14 -65 0
43 45 -56 0
-18 -25 -29 0
-40 -47 -53 0
36 71 -98 0
65 -91 97 0
-3 10 -75 0
3 -87 94 0
-2 -42 69 0
-16 45 -68 0
-12 54 -61 0
40 69 -78 0
19 49 91 0
-29 39 58 0
-8 -54 -70 0
-12 -43 -65 0
3 22 85 0
23 -49 62 0
32 52 99 0
63 -77 92 0
8 -80 -91 0
-32 -82 95 0
10 31 57 0
36 53 60 0
-19 -35 77 0
21 -92 -93 0
49 56 -57 0
-17 -47 85 0
-1 -6 -67 0
-4 5 -9 0
18 -79 83 0
-11 23 33 0
-43 -85 -92 0
5 -6 -92 0
-24 59 -71 0
60 64 98 0
16 88 93 0
26 76 92 0
-15 -22 -63 0
-72 83 95 0
-34 -41 -87 0
-1 -81 -97 0
55 98 99 0
5 61 -74 0
33 42 75 0
14 26 61 0
62 -72 96 0
6 69 -82 0
-1 -7 97 0
21 -40 82 0
-33 -34 67 0
18 -24 66 0
20 30 -39 0
-28 -79 88 0
-31 61 -74 0
-8 33 -40 0
-43 -47 80 0
80 86 -89 0
12 41 60 0
-3 27 -82 0
-37 39 72 0
-10 -57 -100 0
-2 -62 -81 0
-75 89 -90 0
4 48 -88 0
11 -21 62 0
-16 -46 62 0
-67 -96 99 0
7 55 -69 0
-26 33 -35 0
-50 -67 -90 0
-15 -38 63 0
-25 32 80 0
-31 43 70 0
-21 78 94 0
-9 58 -59 0
-19 41 -57 0
6 50 95 0
-5 58 70 0
-40 -62 -75 0
-18 -51 -97 0
-17 -41 42 0
9 -41 -43 0
-8 91 95 0
-54 -58 91 0
-19 -67 -82 0
33 -64 -91 0
3 -76 84 0
-46 86 97 0
-12 32 78 0
2 41 -84 0
69 -71 93 0
-7 21 -93 0
3 -11 -48 0
-43 -92 -96 0
-8 40 91 0
5 -23 52 0
52 53 95 0
9 57 90 0
-23 34 -66 0
9 19 -61 0
-16 -44 -95 0
-13 -35 -55 0
-66 -73 -94 0
34 -77 -82 0
15 -89 -90 0