p cnf 100 380
25 57 95 0
-21 -41 62 0
69 -75 -79 0
59 -63 -79 0
-1 24 87 0
41 -51 -97 0
-8 15 -82 0
18 38 64 0
-41 45 -79 0
18 -42 81 0
20 46 100 0
-9 86 -100 0
17 28 -47 0
30 -34 48 0
-79 -80 -94 0
-11 81 84 0
-12 42 -76 0
10 19 -22 0
-2 -20 74 0
-2 -74 80 0
16 17 -56 0
4 77 96 0
6 35 59 0
70 82 -83 0
-39 58 -66 0
-32 59 -62 0
45 56 80 0
-1 -73 88 0
8 -61 90 0
-55 -57 -68 0
28 -66 -68 0
-29 31 61 0
-8 -36 81 0
-2 20 -84 0
-43 51 -64 0
5 -73 85 0
-37 56 72 0
37 80 -91 0
-2 -17 54 0
2 -84 -91 0
10 19 -82 0
-10 57 83 0
7 -48 -65 0
-1 -3 26 0
4 -5 51 0
86 -96 100 0
8 -75 -87 0
-63 -71 90 0
71 80 -91 0
13 -54 -89 0
20 32 91 0
16 -67 -80 0
50 -69 79 0
3 10 38 0
49 58 85 0
15 18 -56 0
-28 53 -60 0
-9 12 -67 0
-56 58 69 0
-33 56 69 0
17 18 -95 0
-3 45 74 0
1 -18 38 0
6 23 26 0
-8 33 77 0
17 57 -82 0
-10 45 87 0
-40 70 -99 0
-6 -71 -81 0
6 -50 -75 0
36 61 75 0
8 -39 -64 0
-79 -80 -81 0
56 77 -80 0
14 -45 -57 0
-21 86 89 0
23 -57 -91 0
18 -58 100 0
67 -78 90 0
9 50 96 0
-16 38 98 0
26 -39 -53 0
87 93 97 0
-9 -13 -83 0
-9 20 -34 0
8 -39 -66 0
11 -30 79 0
26 -57 99 0
-7 10 60 0
71 81 83 0
-12 42 -75 0
2 12 -46 0
-8 -49 -65 0
-7 21 -95 0
-3 11 -85 0
23 75 -79 0
42 -59 90 0
-23 -44 87 0
51 -66 -95 0
-12 14 24 0
-41 43 -61 0
-37 82 94 0
-41 -78 -86 0
-58 72 79 0
24 96 -97 0
-19 -48 -94 0
23 82 83 0
-1 -58 -91 0
-5 -64 -68 0
27 -61 75 0
-31 -49 -67 0
-12 35 79 0
-1 -5 45 0
-13 -23 24 0
27 81 -94 0
28 -34 89 0
-15 80 91 0
-11 12 -36 0
21 -79 -90 0
27 54 -83 0
42 48 -90 0
-29 53 -75 0
42 47 74 0
-4 -60 84 0
1 17 -98 0
19 -25 73 0
40 -61 67 0
11 21 43 0
12 40 46 0
20 -72 88 0
17 61 96 0
-27 -29 -86 0
-4 18 38 0
-35 88 99 0
62 -87 -96 0
-23 -44 79 0
-17 -30 77 0
-44 53 73 0
71 -73 -94 0
11 37 81 0
26 -32 58 0
-3 -67 -94 0
18 35 -53 0
37 -43 86 0
-27 -39 43 0
34 -42 73 0
26 33 -42 0
-23 71 77 0
49 -70 -93 0
-2 17 -82 0
48 57 -99 0
-59 86 95 0
-6 20 26 0
22 66 -84 0
-6 -33 -45 0
3 -10 -42 0
27 28 -91 0
-5 26 -93 0
10 -51 -89 0
6 -30 -50 0
12 -45 89 0
-40 -79 -96 0
19 -56 -100 0
-3 -17 -54 0
32 35 63 0
-25 33 59 0
-34 78 -95 0
48 83 92 0
12 33 62 0
-37 43 -59 0
-29 -71 -72 0
6 -39 -54 0
-46 -70 89 0
7 -71 -100 0
-33 42 82 0
38 46 -94 0
-69 -90 99 0
21 -40 -52 0
-7 87 89 0
23 66 67 0
-46 48 -74 0
41 67 90 0
-5 50 -96 0
33 44 -65 0
24 36 -48 0
-70 -92 99 0
4 -76 -84 0
1 -31 92 0
-31 -63 -87 0
-29 45 -84 0
-39 42 -76 0
-7 76 91 0
-12 -25 41 0
9 53 -89 0
14 -72 80 0
-11 -18 57 0
-1 -7 98 0
-32 88 -100 0
2 18 -61 0
26 41 57 0
-13 49 70 0
50 70 81 0
-43 50 89 0
-10 -33 61 0
-1 -68 70 0
-13 14 -21 0
-38 -45 65 0
-31 83 -91 0
48 -78 -92 0
-23 -58 -63 0
41 -70 86 0
-31 50 -53 0
1 42 76 0
-28 41 96 0
23 -46 73 0
5 48 -97 0
-43 -73 -95 0
-59 -94 -97 0
-8 20 42 0
-17 61 84 0
-55 67 -82 0
4 -28 39 0
21 -40 -47 0
15 -21 -61 0
-19 -60 94 0
-6 -88 -96 0
1 -29 -65 0
51 -55 64 0
15 21 -41 0
19 -64 -80 0
-26 -45 88 0
-21 -85 95 0
48 -59 -90 0
25 82 100 0
-26 -72 75 0
4 -5 -97 0
-29 -31 69 0
10 30 -64 0
1 13 -55 0
39 58 71 0
11 -22 -85 0
9 -69 -84 0
-92 97 100 0
79 -88 -96 0
43 51 -63 0
9 73 -92 0
-28 41 86 0
29 54 -75 0
-17 45 72 0
-13 -20 31 0
28 38 81 0
11 88 -99 0
-68 76 -95 0
19 36 39 0
-16 -23 37 0
-7 71 -88 0
56 61 86 0
-41 50 84 0
-13 25 -87 0
-2 -24 43 0
60 -77 -96 0
-26 30 -50 0
23 -69 -83 0
-61 75 98 0
42 51 71 0
11 86 96 0
32 68 95 0
-5 71 -97 0
42 -63 75 0
11 12 -25 0
-42 -58 69 0
28 -93 -96 0
-19 23 -47 0
2 -47 84 0
7 -83 99 0
-65 -68 -73 0
7 -53 -71 0
55 -78 -83 0
4 -37 -68 0
68 -77 -87 0
17 -81 -93 0
35 -39 62 0
34 67 -89 0
-46 55 81 0
-43 -71 -89 0
11 54 64 0
-31 -45 66 0
22 -45 -59 0
4 -15 -79 0
-4 -71 80 0
-4 67 69 0
1 12 -71 0
-39 -42 -82 0
5 18 -57 0
13 17 90 0
-43 -60 73 0
7 34 45 0
10 -66 -78 0
12 -80 -88 0
9 44 85 0
-30 -60 90 0
-16 -55 69 0
-34 -87 96 0
-26 -37 44 0
-7 -17 -63 0
-17 51 58 0
-23 27 62 0
13 -65 -83 0
-6 64 70 0
-43 49 91 0
-10 30 -66 0
-19 -70 95 0
-22 -72 99 0
44 82 -83 0
-14 41 -50 0
-6 53 79 0
18 -33 87 0
-39 59 -83 0
31 -41 84 0
-29 60 66 0
56 62 -63 0
9 -14 70 0
-3 -17 45 0
61 82 91 0
-11 43 -54 0
-15 -38 43 0
41 74 94 0
-40 62 -84 0
-6 29 64 0
18 29 93 0
8 -24 68 0
-2 16 -48 0
-3 -28 -83 0
-36 51 65 0
-20 56 61 0
-29 46 -78 0
86 -89 -98 0
-41 65 85 0
58 -80 -89 0
-14 -21 56 0
34 -69 79 0
47 -50 74 0
-25 59 -85 0
-46 -53 -63 0
-31 -44 -75 0
-57 81 97 0
9 17 33 0
-31 53 -83 0
-27 44 93 0
12 -72 -98 0
17 -52 -74 0
-31 37 90 0
9 -53 60 0
65 -66 -83 0
-10 31 -92 0
-20 -40 96 0
-67 68 -83 0
8 -33 76 0
39 54 -78 0
-9 74 93 0
42 84 -92 0
-45 -66 -71 0
5 42 69 0
36 -76 80 0
9 -87 -97 0
-28 37 -55 0
-2 70 -76 0
77 -80 82 0
-4 51 -74 0
7 -48 99 0
-35 59 94 0
7 -57 -77 0
-10 39 -51 0
36 56 74 0
-1 -28 65 0
5 -24 -49 0
-33 -41 90 0
-17 77 -100 0
-65 -77 85 0
-5 29 75 0