p cnf 100 440
-30 -60 63 0
4 12 47 0
-2 36 -49 0
49 -78 81 0
40 -57 -80 0
-58 65 -66 0
-16 26 83 0
12 -47 -63 0
12 34 38 0
-81 82 95 0
20 31 -92 0
-33 57 -79 0
10 44 -59 0
-25 51 -84 0
-32 64 -74 0
-12 -57 -94 0
-27 -28 33 0
64 69 -92 0
-24 -57 59 0
50 -67 -79 0
23 47 100 0
-7 55 -57 0
2 -31 -39 0
5 -53 91 0
20 -38 -83 0
-52 64 -83 0
8 -68 -90 0
17 -38 63 0
-5 93 95 0
26 -49 -75 0
3 -6 -67 0
-20 43 53 0
-24 -37 -76 0
41 -59 -75 0
18 -36 76 0
9 38 54 0
-25 31 -45 0
23 -32 72 0
10 -39 -81 0
19 51 87 0
26 82 -97 0
8 -13 -53 0
-9 18 52 0
39 -75 -96 0
-28 83 84 0
9 60 73 0
3 22 100 0
11 -29 43 0
73 74 83 0
35 -39 -89 0
-10 -67 -98 0
-36 -47 -86 0
1 -24 63 0
-11 -17 -87 0
22 54 87 0
47 -86 99 0
-4 -48 59 0
69 -82 -90 0
1 6 82 0
15 -86 -98 0
-31 47 78 0
60 -67 71 0
-31 70 -93 0
5 82 -100 0
14 -68 91 0
-29 36 -64 0
-7 15 65 0
-4 -27 -30 0
-32 -51 -94 0
-22 54 -79 0
7 20 78 0
11 -32 -42 0
-32 34 36 0
51 55 -80 0
40 -81 89 0
-36 -52 -54 0
10 -23 96 0
30 66 70 0
-27 39 43 0
-4 37 -47 0
-6 39 100 0
-26 -58 -85 0
22 53 -68 0
-23 -26 -44 0
-14 -32 91 0
8 -86 -98 0
15 54 55 0
35 57 -72 0
-40 61 -96 0
-5 -26 -27 0
-35 -68 -96 0
-7 -47 69 0
72 81 91 0
-12 -84 98 0
-12 -52 86 0
-35 -46 93 0
-37 -52 -78 0
-20 23 -94 0
21 -72 -76 0
57 -77 -86 0
25 29 -73 0
-25 -63 -92 0
-61 -83 96 0
27 -30 -54 0
-55 85 87 0
39 -47 -67 0
6 20 95 0
-25 75 -97 0
25 31 -60 0
-31 -45 -74 0
36 48 -86 0
-12 67 -75 0
-4 17 -43 0
-2 -12 96 0
12 51 68 0
-15 23 38 0
25 -72 -98 0
-58 71 87 0
-33 -36 -40 0
-1 -80 82 0
-2 9 -70 0
-43 87 100 0
-10 -71 88 0
-7 33 -100 0
12 -21 -33 0
55 -67 -85 0
3 -40 -42 0
-62 63 98 0
9 -87 -93 0
34 -38 -99 0
25 26 62 0
6 -11 -41 0
-1 -34 -51 0
44 -75 87 0
63 -74 76 0
-47 66 -91 0
4 13 77 0
-44 46 90 0
-4 -27 38 0
38 52 -60 0
-9 43 -79 0
11 -46 78 0
-25 -48 75 0
-15 -62 68 0
17 44 93 0
-21 -66 94 0
-19 -38 71 0
-33 -45 -76 0
-61 74 90 0
-16 57 80 0
-12 -42 -51 0
-72 -73 -91 0
-41 -73 -85 0
-20 43 -75 0
-11 20 71 0
-11 27 -65 0
25 60 71 0
13 44 -81 0
76 81 -87 0
-12 34 -76 0
-63 -66 -87 0
-5 -18 27 0
32 -58 -89 0
-3 -66 94 0
-6 -64 84 0
9 68 83 0
2 -31 -43 0
12 89 100 0
-37 -81 87 0
-19 22 -36 0
29 59 -84 0
16 -20 -37 0
-31 -42 -85 0
23 -78 -97 0
-45 67 -87 0
46 73 -95 0
8 20 63 0
3 -46 -80 0
41 -47 82 0
10 21 -45 0
54 -70 90 0
-50 -72 87 0
9 -83 -100 0
36 71 88 0
-28 78 85 0
32 -42 84 0
14 -38 -85 0
21 40 64 0
3 51 -77 0
-42 47 -67 0
-41 89 99 0
2 -15 34 0
10 19 -82 0
-7 19 44 0
34 47 51 0
-35 92 98 0
-43 74 84 0
-17 -28 -60 0
-8 -40 -94 0
-37 -70 96 0
54 -60 70 0
6 36 49 0
-28 65 -86 0
-47 -82 95 0
-23 53 -63 0
-25 -89 92 0
41 72 92 0
15 31 -48 0
-15 18 -48 0
11 -23 -65 0
36 -50 83 0
4 -22 69 0
-44 -80 85 0
38 -95 99 0
5 -30 44 0
-52 61 -72 0
-78 -80 -84 0
-27 39 47 0
-15 59 77 0
2 15 94 0
55 56 -72 0
-22 -30 76 0
-8 -35 92 0
-26 41 -84 0
-26 28 63 0
51 -63 89 0
-1 23 57 0
-36 93 96 0
-21 59 -61 0
10 -28 -92 0
22 -41 -66 0
19 58 98 0
40 61 -99 0
78 92 -98 0
19 37 88 0
-3 -11 -75 0
-32 -62 87 0
1 86 -88 0
12 -42 -85 0
-34 -47 -90 0
4 15 -91 0
25 46 63 0
11 -53 82 0
-21 50 99 0
6 -19 -69 0
-62 -80 -92 0
45 47 87 0
-7 -15 43 0
28 37 100 0
-26 -56 -95 0
16 56 -99 0
34 -49 71 0
1 -51 97 0
-35 49 -82 0
10 62 78 0
13 -16 35 0
43 -59 63 0
27 -48 84 0
9 29 -39 0
48 -85 -99 0
16 19 49 0
-15 51 78 0
27 40 -52 0
10 38 92 0
52 56 72 0
22 -27 82 0
-70 -80 -92 0
12 -16 50 0
-48 70 -95 0
64 95 96 0
-28 58 -93 0
18 -25 -34 0
-30 43 50 0
-7 -24 -39 0
28 -69 74 0
1 -10 -68 0
-10 38 56 0
40 -46 -74 0
75 -94 97 0
8 16 71 0
-19 75 77 0
43 -61 88 0
-3 5 32 0
-21 -53 85 0
-30 -61 -80 0
23 29 48 0
19 60 -87 0
-24 -25 -78 0
-3 -16 77 0
17 36 -79 0
-84 98 -100 0
66 69 89 0
-42 49 -75 0
-62 -63 -91 0
-47 63 -87 0
1 29 -64 0
37 52 -77 0
-52 -69 89 0
40 -52 73 0
7 -16 -89 0
48 56 86 0
-29 54 97 0
-62 -77 100 0
-47 -91 95 0
-10 23 -54 0
3 15 -94 0
38 48 61 0
7 75 -82 0
38 58 68 0
-6 9 -71 0
10 -36 -46 0
-41 56 80 0
36 71 -76 0
-4 -71 -99 0
58 59 -100 0
27 78 80 0
50 -54 61 0
41 -44 -72 0
-26 -48 54 0
16 -23 89 0
16 84 86 0
-31 -53 90 0
-34 -67 82 0
-25 -33 74 0
12 77 83 0
-34 -36 51 0
62 -64 71 0
-1 24 -50 0
-21 23 63 0
20 -69 -92 0
-21 -77 98 0
8 37 55 0
-23 35 -92 0
-33 -53 -86 0
3 58 59 0
42 -51 -61 0
35 37 -39 0
7 -17 50 0
30 43 -94 0
7 -27 -95 0
-47 51 65 0
76 -79 97 0
-72 88 95 0
20 57 -82 0
10 58 -79 0
-9 38 46 0
15 -19 -61 0
-28 55 -82 0
46 58 67 0
-9 -52 -71 0
-41 73 -93 0
16 19 -57 0
-44 -60 -67 0
14 -24 -70 0
22 -78 96 0
-16 -29 77 0
5 -11 17 0
70 71 -97 0
15 48 -83 0
5 44 -57 0
65 -93 94 0
-42 62 92 0
34 73 -80 0
-40 -44 48 0
51 70 -90 0
34 -66 88 0
33 35 -71 0
44 -51 76 0
53 -91 99 0
-29 49 -83 0
-17 -35 74 0
-2 -15 -80 0
6 -9 54 0
14 -32 -36 0
61 -65 -72 0
21 -46 -54 0
-37 46 -72 0
46 -59 81 0
-5 83 -97 0
-37 -53 73 0
9 -48 -91 0
-17 19 -21 0
-7 -24 73 0
16 -71 77 0
-21 -85 -92 0
-21 35 77 0
12 -61 -74 0
28 -91 93 0
-10 27 -32 0
53 -80 81 0
-19 -67 90 0
-8 -15 -49 0
-4 47 62 0
14 21 -90 0
-36 -72 -92 0
16 40 88 0
2 45 -78 0
8 -18 -64 0
-1 -55 -63 0
16 -56 80 0
-3 -69 97 0
-36 43 -60 0
-1 -41 73 0
7 24 -55 0
14 68 -73 0
26 -63 -91 0
33 -64 -92 0
13 17 -47 0
36 -61 -93 0
-58 62 -100 0
8 58 67 0
17 -38 70 0
26 63 -86 0
-22 33 54 0
22 39 62 0
-64 90 -92 0
-11 -30 77 0
42 59 97 0
20 -33 -54 0
-20 80 -85 0
-22 72 73 0
-75 82 99 0
-36 60 -74 0
22 25 91 0
21 86 94 0
-14 15 -77 0
18 32 -81 0
29 57 98 0
12 -83 -100 0
16 42 -63 0
49 -52 -74 0
36 67 68 0
32 -35 60 0
-16 -24 -49 0
-23 45 -48 0
-12 13 -55 0
-10 -41 -74 0
-68 69 92 0
-10 44 -93 0
18 -50 55 0