p cnf 100 580
-5 21 -51 0
52 -55 65 0
30 -65 73 0
-8 30 -75 0
13 -47 100 0
-15 -30 32 0
28 60 82 0
2 -67 -74 0
-5 33 72 0
-19 -43 55 0
-1 -15 -73 0
29 -37 -60 0
19 98 100 0
-21 -39 52 0
-14 39 -70 0
13 32 -91 0
20 -29 43 0
-32 -81 86 0
35 -77 89 0
19 35 -67 0
41 -42 -99 0
-7 60 86 0
-10 -37 -68 0
3 -12 -88 0
12 14 -30 0
25 32 91 0
-22 49 59 0
-14 56 -78 0
-35 58 89 0
52 59 86 0
3 24 74 0
-41 -46 -52 0
-17 28 91 0
12 -32 -76 0
-18 79 -81 0
-12 -38 63 0
-55 -73 -82 0
1 -64 81 0
-26 51 95 0
7 47 76 0
-18 -32 95 0
-33 45 62 0
12 -15 -84 0
30 -60 82 0
40 -46 -95 0
-10 11 63 0
-19 88 95 0
-20 -28 -68 0
10 -41 95 0
-52 69 -93 0
18 54 96 0
45 61 82 0
27 -52 89 0
11 -15 -84 0
33 38 93 0
2 29 -50 0
8 -12 86 0
-25 37 -99 0
-2 11 -20 0
-45 50 98 0
19 -25 33 0
-42 -45 72 0
2 30 39 0
-14 -83 -90 0
57 71 73 0
4 32 -96 0
-10 52 73 0
18 -36 -95 0
-1 57 -75 0
5 -22 31 0
9 -76 91 0
-28 49 -81 0
27 37 71 0
-32 -34 42 0
-64 -95 -97 0
3 44 64 0
-5 -75 90 0
6 38 99 0
14 46 99 0
-13 -15 -84 0
-9 30 -40 0
42 66 -100 0
30 -39 75 0
-26 54 -67 0
9 20 -45 0
-2 47 -68 0
31 -39 40 0
-4 45 94 0
-3 67 84 0
-69 -72 -81 0
20 -41 81 0
5 -48 98 0
-17 -22 45 0
-13 73 -76 0
-33 63 -99 0
6 -60 -83 0
11 -18 28 0
-60 -86 -96 0
52 -68 -99 0
-1 63 99 0
30 -69 -78 0
-27 -57 -75 0
7 -52 92 0
-1 21 84 0
-3 14 -62 0
23 45 -60 0
-30 -43 91 0
38 -41 -94 0
-14 -22 47 0
-12 50 -83 0
-16 -38 73 0
9 25 -60 0
-31 -32 -78 0
14 17 75 0
10 -75 -98 0
-19 -41 78 0
12 17 -63 0
13 -22 -96 0
1 23 -94 0
24 41 -60 0
-19 -69 -73 0
-15 -80 -89 0
31 -51 86 0
9 -75 -84 0
-17 37 -70 0
-69 -90 91 0
29 49 -89 0
-23 27 74 0
12 51 -60 0
55 -56 61 0
-16 -26 41 0
59 74 95 0
-17 40 -69 0
-26 -61 -80 0
-11 35 -51 0
-16 -72 76 0
-13 68 74 0
-3 -21 22 0
-33 39 -92 0
2 -35 97 0
-47 -55 77 0
44 54 -95 0
-22 57 61 0
28 -39 69 0
6 -24 78 0
-1 -17 -82 0
-11 27 48 0
4 -37 -89 0
-23 -31 -63 0
-18 -53 82 0
1 -79 94 0
19 96 97 0
-82 -86 -88 0
-15 26 -43 0
-11 -30 62 0
9 -73 92 0
-70 85 -94 0
-28 66 100 0
9 -43 -60 0
79 -89 -97 0
-44 -53 -76 0
3 -32 52 0
-18 -53 71 0
30 56 79 0
-5 -74 -97 0
-7 36 78 0
11 -74 -79 0
26 -33 36 0
3 -27 -91 0
47 87 89 0
-15 23 89 0
11 -29 -34 0
-3 86 96 0
8 -78 -83 0
3 -20 -54 0
-3 77 -88 0
-43 -59 -77 0
-32 58 75 0
-12 18 96 0
8 -11 -39 0
6 41 62 0
5 -8 -93 0
-7 -11 -28 0
11 -51 -56 0
17 20 73 0
3 -54 -70 0
36 41 -68 0
43 51 98 0
10 -66 -86 0
-1 -18 71 0
-36 56 -78 0
-30 77 100 0
76 79 -93 0
3 -29 70 0
-77 -85 94 0
-27 -31 -47 0
11 -60 75 0
6 -78 -82 0
-6 16 -21 0
16 -29 -71 0
47 52 99 0
-24 88 96 0
33 55 99 0
36 -70 -88 0
-53 -77 89 0
45 48 -84 0
-11 -13 -71 0
-23 -83 100 0
42 86 93 0
-8 -18 -32 0
60 81 95 0
-6 -14 -31 0
-22 25 69 0
-18 -24 96 0
29 -71 -93 0
56 -71 79 0
-42 56 -66 0
37 -68 92 0
-44 -85 -93 0
-56 -64 -69 0
-26 60 67 0
-3 16 81 0
4 -78 91 0
4 -40 -76 0
-17 -22 -70 0
3 4 -20 0
-7 56 -71 0
-12 -13 31 0
-12 49 50 0
-17 -48 79 0
-12 31 -76 0
77 -82 -87 0
-39 -66 -95 0
12 -34 -81 0
-6 -57 -97 0
-7 -62 78 0
18 -50 -87 0
-12 -28 73 0
-17 46 85 0
34 -53 -81 0
-63 64 -100 0
22 58 -91 0
40 41 -56 0
9 -68 -91 0
-8 -29 89 0
19 51 -85 0
-2 -30 88 0
18 38 -44 0
-36 77 90 0
-34 38 -80 0
-9 -22 -46 0
30 -72 93 0
45 55 81 0
-70 91 -100 0
-29 61 64 0
19 44 75 0
-20 48 61 0
48 52 92 0
9 -73 79 0
-25 -44 100 0
15 -57 78 0
-24 -54 88 0
35 -36 55 0
-8 -15 29 0
-51 57 71 0
-87 -97 -100 0
9 -25 75 0
29 -62 82 0
7 -50 -86 0
1 2 94 0
1 -51 -77 0
-53 62 65 0
41 -51 -68 0
61 86 -100 0
23 -28 -58 0
-9 65 73 0
29 50 90 0
-39 46 74 0
-15 -82 88 0
-2 -32 83 0
-50 55 70 0
22 33 -44 0
15 34 -45 0
14 -43 54 0
-41 -48 -57 0
-42 56 85 0
-2 44 93 0
7 -22 -95 0
17 -22 -62 0
-50 -51 -76 0
-20 -24 61 0
2 -48 92 0
-4 -17 -35 0
-37 56 79 0
-22 79 -92 0
-21 -37 73 0
-27 47 -54 0
-6 -35 -49 0
-54 -90 97 0
57 58 70 0
-30 50 -70 0
-46 62 -92 0
6 7 -57 0
-65 -81 89 0
-36 -48 75 0
5 -32 -98 0
-23 -33 -85 0
-5 -92 -100 0
28 74 82 0
38 -46 82 0
-33 -48 70 0
26 45 64 0
-33 46 72 0
13 57 -69 0
-2 -16 -95 0
-29 57 -87 0
21 76 78 0
34 51 -84 0
39 45 87 0
-10 -35 -79 0
55 59 80 0
-71 82 -92 0
-6 30 35 0
16 45 -67 0
24 37 100 0
-29 78 -89 0
-10 43 73 0
7 -39 82 0
-28 -60 -96 0
2 -67 -78 0
-7 -11 -93 0
42 70 -71 0
16 -72 78 0
-11 -23 36 0
-13 -31 -50 0
32 -55 -100 0
-35 37 -85 0
-10 31 64 0
-30 -55 -72 0
65 -70 -76 0
27 40 74 0
5 17 -58 0
5 44 -60 0
-29 -41 -42 0
-25 86 -93 0
-23 -60 88 0
-53 55 92 0
14 59 98 0
15 -33 -51 0
14 49 -70 0
-52 -88 -98 0
-21 -51 61 0
-29 -43 66 0
4 45 98 0
36 54 74 0
-2 -19 -37 0
40 51 -64 0
-6 -11 15 0
18 21 67 0
-63 -78 -100 0
-19 -77 -94 0
4 -43 -46 0
16 -30 48 0
-36 -37 47 0
-7 71 76 0
-48 51 -81 0
26 -83 87 0
5 28 -42 0
-30 -35 -45 0
33 -44 59 0
-5 36 49 0
80 -81 -100 0
13 -84 99 0
-6 -58 77 0
18 -19 -73 0
-2 8 83 0
21 40 -94 0
-8 37 -61 0
-46 -70 -74 0
12 -20 -86 0
29 51 77 0
-17 65 -81 0
-19 -49 64 0
-13 -24 -52 0
-14 76 -97 0
-5 75 90 0
-1 7 31 0
4 20 -26 0
50 63 66 0
-20 -35 -57 0
-34 -49 -95 0
-24 -42 -91 0
-15 -25 64 0
37 -54 70 0
-34 44 47 0
-47 49 -52 0
-3 -73 -90 0
53 -66 -70 0
-17 45 -80 0
17 -54 -63 0
-10 -19 59 0
24 -57 63 0
-37 83 98 0
-18 26 84 0
31 -77 80 0
-27 -78 80 0
-31 37 94 0
-9 -76 -85 0
6 33 -83 0
-12 67 70 0
47 -55 90 0
25 -64 -76 0
-10 -47 72 0
38 58 -71 0
35 48 -68 0
-50 62 68 0
-18 -48 73 0
16 27 -55 0
-76 -78 -84 0
13 25 -88 0
5 42 55 0
-79 85 -95 0
-63 -77 -86 0
40 -50 69 0
-40 80 95 0
-47 92 -94 0
-31 65 -78 0
-6 -79 91 0
-37 -46 -55 0
-1 42 91 0
-16 -31 -46 0
14 26 -69 0
-4 -35 60 0
1 64 -97 0
-6 -60 99 0
16 -38 97 0
-33 -42 -72 0
38 53 -89 0
27 44 45 0
22 23 75 0
-20 -69 -84 0
-1 -62 -72 0
2 91 -93 0
-42 76 98 0
50 -92 97 0
44 -75 86 0
40 62 -73 0
27 -71 92 0
57 66 -96 0
3 18 97 0
49 58 84 0
-39 -52 -61 0
18 81 99 0
-32 -50 52 0
-68 -79 88 0
-44 -50 -72 0
6 -31 -69 0
-2 -31 -37 0
29 54 85 0
-1 12 29 0
25 -58 81 0
36 -40 80 0
-2 -79 99 0
-17 -24 -94 0
-38 46 58 0
15 -76 79 0
-39 -57 67 0
-8 -22 -26 0
72 -86 99 0
-22 71 74 0
-14 50 -61 0
-5 40 -46 0
8 36 -94 0
23 68 -92 0
-8 -20 -75 0
35 77 -96 0
13 37 -42 0
8 -34 50 0
-6 42 59 0
-15 71 -81 0
2 -11 -34 0
-57 86 92 0
-16 -51 -63 0
-10 -58 -79 0
10 -33 -61 0
-21 43 87 0
17 -39 -43 0
-46 -56 90 0
-21 -58 96 0
-5 43 74 0
-14 -91 97 0
-25 -73 -99 0
-1 20 -49 0
-64 85 -92 0
7 10 88 0
-16 -43 -51 0
-62 -74 -81 0
22 -48 -60 0
-13 86 89 0
-23 91 98 0
-11 40 70 0
34 65 98 0
25 -71 -91 0
-2 -47 -69 0
-17 -20 -36 0
24 -48 64 0
-2 -13 87 0
-29 -54 -73 0
37 53 -72 0
13 81 -87 0
-61 62 -84 0
-22 -45 61 0
42 -44 61 0
9 33 -74 0
22 -36 -91 0
1 19 -48 0
-19 21 -40 0
19 -37 -78 0
-38 -47 -65 0
15 57 -93 0
-1 -28 55 0
7 -41 87 0
22 30 35 0
59 94 -98 0
-15 39 95 0
-19 -25 32 0
-1 33 45 0
43 -88 100 0
46 -57 83 0
-6 89 93 0
16 -33 -96 0
-6 31 93 0
-77 78 -99 0
32 34 56 0
36 -40 73 0
-4 5 -50 0
-5 -61 -68 0
-15 -54 77 0
-17 58 95 0
-10 -25 44 0
-22 -36 74 0
-35 -40 57 0
5 -12 -36 0
-30 -47 -52 0
70 79 82 0
32 -61 91 0
47 59 98 0
-42 64 65 0
3 60 85 0
39 -85 86 0
-31 76 84 0
-69 88 91 0
5 11 -92 0
-30 -55 -97 0
25 -49 -75 0
29 54 64 0
-21 -71 82 0
40 -75 -78 0
-10 14 88 0
-1 -73 74 0
45 52 -79 0
47 56 -74 0
-6 60 88 0
-57 58 -85 0
27 34 87 0
23 -30 35 0
-30 -52 -72 0
38 51 -100 0
40 44 -57 0
-2 25 -59 0
31 -41 52 0
16 39 82 0
-4 17 -29 0
6 67 -89 0
39 74 91 0
-81 -91 -93 0
9 41 -72 0
-36 -54 67 0
-6 -57 66 0
-18 -87 -98 0