p cnf 100 580
19 48 -60 0
3 51 93 0
82 86 -100 0
25 -71 -86 0
39 56 -72 0
-81 82 -98 0
1 -81 -90 0
-25 73 -84 0
1 -6 -43 0
4 -45 70 0
19 33 72 0
-14 49 88 0
28 -58 -79 0
-22 -52 -75 0
-40 56 -94 0
-47 -60 -72 0
-37 60 61 0
7 53 -62 0
-12 21 59 0
-21 -45 58 0
26 -32 79 0
43 51 78 0
41 -56 68 0
32 -64 69 0
-46 47 -100 0
-12 78 80 0
-28 -95 100 0
28 -62 -67 0
26 -59 79 0
38 91 -93 0
-15 -32 53 0
-63 -76 98 0
-14 31 65 0
21 -39 -41 0
65 91 94 0
27 41 98 0
40 49 92 0
29 70 74 0
-42 78 -83 0
4 -42 -71 0
52 85 89 0
16 -50 93 0
20 55 77 0
-2 -67 -76 0
-23 55 -79 0
-30 55 -66 0
-6 -9 -57 0
1 -18 -51 0
2 -36 65 0
-66 -67 88 0
25 54 90 0
16 22 92 0
-27 47 -98 0
-4 -86 94 0
14 -42 61 0
6 -19 -99 0
-63 -72 86 0
-16 -36 -54 0
11 -74 -87 0
78 -89 93 0
36 -37 -38 0
-7 16 39 0
30 -31 -34 0
18 57 66 0
-26 28 62 0
-24 -29 46 0
-67 83 -87 0
22 49 -71 0
29 -93 97 0
22 75 -94 0
-22 -27 -95 0
-12 37 68 0
36 -66 -68 0
-16 -56 74 0
-46 58 77 0
-7 -60 -75 0
-42 53 -99 0
-13 -32 69 0
-17 22 -38 0
20 -52 -70 0
36 -74 -77 0
-40 67 -93 0
-18 -25 -40 0
11 37 -50 0
-7 53 76 0
-3 -18 93 0
25 -29 72 0
28 51 91 0
14 -28 56 0
-28 -30 -68 0
-7 -50 96 0
-1 -23 -47 0
-74 76 -97 0
4 -35 70 0
63 -92 -97 0
22 60 97 0
-31 -36 66 0
-28 35 -61 0
1 -21 54 0
48 79 -90 0
31 -35 99 0
-54 -72 -98 0
67 -76 79 0
-34 -44 66 0
-59 76 -100 0
-3 67 -70 0
47 -71 -80 0
8 43 45 0
-21 -67 -83 0
29 -56 98 0
23 -39 -74 0
-4 -8 -42 0
3 -26 -43 0
11 69 80 0
46 62 -94 0
27 41 66 0
-41 -50 -97 0
76 -84 86 0
4 -64 82 0
29 39 -64 0
17 -59 -85 0
5 76 92 0
-40 80 97 0
-40 59 62 0
-31 -46 64 0
10 -25 59 0
17 -72 -91 0
57 64 78 0
-67 -74 -94 0
-17 -49 -61 0
-11 -31 -52 0
-23 47 -91 0
2 16 69 0
-23 -28 -73 0
-52 -70 -71 0
-16 20 27 0
-24 32 74 0
-23 30 90 0
38 57 82 0
-22 -68 -88 0
26 82 86 0
33 60 87 0
59 -81 -88 0
13 -45 60 0
71 80 89 0
-74 80 -83 0
21 53 -70 0
-11 -29 96 0
-13 15 -27 0
-47 49 67 0
37 67 77 0
-14 -65 71 0
-12 -20 -66 0
3 31 -32 0
-3 9 -42 0
-18 -31 -38 0
41 -55 60 0
-52 -60 67 0
7 -62 -74 0
2 33 -68 0
-49 77 84 0
-43 60 76 0
3 74 -92 0
21 -29 47 0
30 49 -66 0
23 -30 48 0
-39 77 87 0
-23 61 77 0
-1 13 -97 0
-15 83 -99 0
-7 -20 35 0
2 -53 96 0
19 -58 95 0
3 23 -28 0
4 -59 -81 0
-6 -68 92 0
-20 52 -59 0
36 65 -76 0
-42 54 80 0
-44 69 -81 0
-12 -33 83 0
14 44 -59 0
3 15 86 0
54 78 -92 0
39 88 -94 0
-9 -66 -75 0
-33 -40 41 0
-14 48 -58 0
-46 58 61 0
37 89 -97 0
-35 46 94 0
-31 -77 98 0
-8 46 -54 0
17 48 -90 0
10 -23 41 0
-28 29 -69 0
45 67 -95 0
21 -31 -56 0
66 89 -98 0
31 -44 -99 0
-39 -81 -96 0
-2 54 89 0
19 -33 -58 0
7 -45 -46 0
16 31 -60 0
-37 54 -75 0
24 48 55 0
-12 41 -71 0
2 -89 99 0
-38 -56 99 0
23 25 -100 0
-1 77 -94 0
-61 67 -71 0
-27 77 96 0
-10 72 -76 0
9 60 69 0
-10 15 89 0
1 -13 44 0
8 26 54 0
21 32 -72 0
-32 41 -66 0
2 -59 78 0
-38 -61 98 0
75 -78 99 0
65 66 99 0
14 -29 -77 0
1 25 -75 0
-50 53 89 0
-68 -74 82 0
-17 -83 -98 0
-43 64 -71 0
-12 16 -74 0
62 -65 73 0
34 -74 -87 0
36 -38 -47 0
-55 -62 -86 0
9 -87 91 0
25 -58 -80 0
17 63 84 0
-5 -24 -34 0
51 -85 -95 0
61 69 -88 0
-30 40 47 0
-44 -62 -77 0
5 21 -61 0
2 27 31 0
-23 30 41 0
-38 -62 97 0
35 -36 80 0
9 -66 -92 0
-35 58 81 0
8 28 55 0
-1 -5 -26 0
83 -90 91 0
-28 -35 88 0
-42 -45 -78 0
-3 46 -70 0
44 71 81 0
-23 39 96 0
47 -53 85 0
24 -27 -51 0
8 -31 41 0
-12 63 72 0
15 -50 68 0
-21 69 -81 0
44 62 -81 0
75 77 -86 0
-28 -32 96 0
-72 96 -97 0
-14 -20 94 0
27 -75 -84 0
-11 80 -91 0
53 63 97 0
7 -49 93 0
-20 -70 -75 0
40 57 -66 0
12 -31 36 0
6 -51 53 0
-18 99 100 0
49 -55 64 0
-6 39 -47 0
-10 -54 84 0
-13 47 -84 0
-50 75 -97 0
-5 -9 -60 0
-71 -81 100 0
1 -15 -24 0
21 -66 -71 0
-48 -61 -77 0
5 -9 -72 0
1 -12 72 0
-12 -60 -82 0
62 -80 92 0
68 -94 100 0
32 -60 -79 0
-11 12 42 0
-7 16 23 0
6 15 41 0
-27 -35 -80 0
-15 16 44 0
2 19 81 0
6 -14 -87 0
17 62 -65 0
-25 78 -90 0
-42 -53 90 0
-33 -70 83 0
10 65 -99 0
23 43 75 0
-2 62 -69 0
25 47 76 0
-50 -51 -53 0
-11 40 83 0
5 8 -50 0
26 60 -80 0
-28 -40 78 0
2 -7 10 0
-7 -70 -91 0
-13 -31 58 0
-12 17 -69 0
-5 -67 -86 0
-43 -48 -86 0
24 -45 79 0
-54 -58 63 0
-19 32 56 0
13 83 99 0
-47 -75 -93 0
-43 52 -90 0
24 -28 85 0
-29 -60 100 0
35 -42 -62 0
55 64 -88 0
-9 18 53 0
-40 -49 -70 0
-6 -28 32 0
-41 83 -97 0
-42 45 -91 0
48 61 83 0
-70 79 -92 0
11 -63 65 0
-30 64 98 0
-10 87 94 0
45 -88 -92 0
-8 -30 -74 0
1 13 -57 0
-41 48 -50 0
-60 63 -69 0
-2 -8 22 0
-7 -66 96 0
-13 15 -50 0
18 -47 -61 0
-66 70 -76 0
-20 66 97 0
-59 82 -83 0
6 -23 45 0
24 27 -86 0
3 -9 -94 0
-26 53 -99 0
-28 -40 59 0
18 30 -35 0
-27 -86 100 0
-40 -52 76 0
-48 52 -100 0
8 25 -90 0
9 -31 -43 0
-4 -46 79 0
83 84 -88 0
8 50 93 0
-23 50 -62 0
-4 -70 84 0
-26 27 78 0
-45 -56 -89 0
15 17 41 0
-3 -28 -47 0
-3 -49 -95 0
-42 59 97 0
27 50 -59 0
10 46 -92 0
-36 -68 80 0
-23 -49 56 0
-53 70 -97 0
30 84 97 0
-36 -55 -59 0
17 63 73 0
2 -18 75 0
-60 69 77 0
-13 -63 74 0
37 -81 -91 0
-60 -81 -88 0
-21 26 -52 0
-10 -30 -48 0
20 -63 -70 0
39 -50 -87 0
25 80 -94 0
58 -83 92 0
28 -57 -65 0
-5 -48 -63 0
20 -23 -39 0
-17 -61 75 0
-1 34 66 0
-4 -37 -89 0
7 22 67 0
-80 82 93 0
-33 -59 -74 0
7 -8 -92 0
-72 76 99 0
67 -68 72 0
7 -55 96 0
14 -66 81 0
73 84 -91 0
9 17 25 0
9 -23 -75 0
8 -54 -55 0
10 66 -82 0
-29 -37 90 0
9 36 -51 0
-30 49 -90 0
-5 11 -29 0
6 -50 -92 0
-15 22 -25 0
5 17 -21 0
-14 46 85 0
34 65 92 0
-12 -52 95 0
6 -23 85 0
21 -34 57 0
13 -16 61 0
21 -25 -30 0
-3 52 84 0
20 -27 61 0
-49 -52 57 0
25 31 99 0
5 62 64 0
14 -15 26 0
-33 -49 74 0
63 -74 96 0
-38 73 -90 0
1 -76 91 0
-3 -68 86 0
-44 48 50 0
-33 39 -88 0
-21 55 68 0
47 -96 98 0
64 74 85 0
1 -18 55 0
-33 -38 -59 0
-43 -49 -91 0
-35 55 -70 0
9 -29 81 0
-20 -38 -77 0
-32 44 -55 0
5 -11 73 0
-64 69 88 0
43 -62 81 0
-30 33 72 0
-23 -32 41 0
-5 -29 44 0
-22 49 -63 0
-9 -19 -72 0
-16 -70 -72 0
7 -19 31 0
-25 52 61 0
-13 -44 -48 0
54 69 71 0
-18 68 89 0
-2 18 -33 0
21 -49 91 0
-37 -50 76 0
-21 60 97 0
46 48 -96 0
-48 61 99 0
-37 -52 81 0
-24 -65 -96 0
-4 10 -12 0
-27 86 -98 0
39 64 67 0
-25 -51 -100 0
5 71 -74 0
19 -30 -68 0
-9 -51 69 0
11 16 -96 0
38 42 83 0
8 33 98 0
23 -71 86 0
-40 79 -93 0
-4 -69 -79 0
26 63 89 0
-20 -73 75 0
36 -51 99 0
-14 -26 81 0
-6 31 61 0
-9 26 59 0
-7 -12 20 0
4 22 -29 0
8 9 -81 0
-4 12 86 0
12 -20 33 0
16 55 -63 0
-28 -48 82 0
14 25 42 0
-34 69 -87 0
-21 -34 -41 0
-44 -67 -88 0
39 -45 46 0
19 24 -44 0
1 85 -95 0
-13 78 97 0
24 -29 -56 0
-12 86 -95 0
-16 -26 50 0
6 -73 -98 0
13 55 68 0
-33 53 68 0
56 73 99 0
4 72 -90 0
-29 38 94 0
39 -58 97 0
6 -27 43 0
12 28 -96 0
1 60 -79 0
-48 -71 81 0
39 44 -94 0
39 -69 -87 0
-7 80 97 0
-46 47 -67 0
-12 -60 -71 0
-22 48 56 0
-18 27 -64 0
4 90 -92 0
35 52 -86 0
-55 -57 -68 0
-29 -61 97 0
-5 11 -44 0
8 55 89 0
-3 7 41 0
-28 -60 73 0
22 -47 65 0
-7 10 -71 0
-13 34 -42 0
15 29 56 0
30 -42 -46 0
-41 70 -96 0
-2 33 43 0
65 -67 96 0
9 -33 87 0
2 15 41 0
5 -59 87 0
-37 49 97 0
-2 -43 -53 0
-2 38 -51 0
-2 -22 -54 0
-22 -46 -74 0
2 -3 -68 0
70 74 80 0
-26 59 63 0
21 46 81 0
62 84 -94 0
-10 26 83 0
24 -43 99 0
40 52 -81 0
16 60 -97 0
26 -29 -81 0
4 -84 -87 0
-20 97 -100 0
-43 58 67 0
-28 -51 56 0
23 -65 -66 0
-48 67 85 0
6 -60 86 0
34 52 -71 0
-18 40 -52 0
-22 28 66 0
-28 30 40 0
-14 48 -83 0
-2 24 -97 0
-2 -5 -98 0
-7 75 92 0
-39 71 -97 0
11 -34 39 0
-6 -68 -87 0
18 -20 -70 0