p cnf 100 340
-17 28 60 0
4 70 72 0
20 -22 26 0
-8 55 -100 0
-31 58 -65 0
-1 26 -92 0
23 41 56 0
-14 -47 70 0
-2 -88 92 0
-38 48 81 0
-24 -62 85 0
-6 72 86 0
2 63 90 0
38 -73 -79 0
-44 -84 86 0
-22 -27 47 0
-24 29 -90 0
24 -74 90 0
36 39 49 0
-2 -50 -73 0
2 18 65 0
1 -34 -72 0
42 44 99 0
66 79 -97 0
50 65 -68 0
-1 -41 72 0
10 -37 74 0
30 45 61 0
57 59 -93 0
-18 -26 -35 0
-46 62 94 0
31 -40 63 0
-44 58 -69 0
-17 42 81 0
-75 -96 -100 0
-3 27 97 0
5 -41 -89 0
-12 49 99 0
19 53 -59 0
25 -30 -78 0
-34 48 86 0
35 -64 96 0
2 -18 65 0
42 60 -94 0
-17 36 54 0
3 -16 -76 0
46 -57 64 0
12 13 41 0
70 73 93 0
24 -25 46 0
-2 68 78 0
-26 31 75 0
-30 52 -66 0
-14 15 -97 0
-2 -36 -67 0
9 -54 -96 0
-65 -70 -91 0
3 32 -35 0
-3 -76 89 0
9 79 85 0
14 -28 59 0
-39 -44 68 0
-1 4 14 0
1 -29 -51 0
-19 51 -85 0
-8 42 -58 0
19 -33 -35 0
-38 -78 82 0
-14 -24 -86 0
-18 -29 -56 0
-22 -90 -95 0
26 37 -41 0
12 44 92 0
30 -62 -64 0
4 39 74 0
-24 -26 -72 0
67 -73 -76 0
-12 70 -76 0
-55 60 98 0
-5 -64 99 0
-28 57 -93 0
-54 57 -73 0
-24 -54 82 0
-20 22 53 0
17 -23 -33 0
16 24 31 0
4 -71 96 0
56 -58 74 0
13 18 -27 0
10 -51 63 0
21 -56 87 0
47 -63 -98 0
25 -97 100 0
-9 48 -80 0
4 20 -81 0
-39 78 -79 0
-24 -39 -93 0
-38 -41 68 0
-21 42 -79 0
19 -63 -84 0
3 5 -44 0
-9 -59 -71 0
-39 50 -87 0
11 -20 -30 0
28 39 -98 0
-54 -82 98 0
29 -36 87 0
18 20 97 0
12 -62 74 0
-26 56 -70 0
54 69 -90 0
45 72 97 0
-40 42 -55 0
-62 -63 73 0
-11 21 -31 0
-44 48 57 0
-11 -34 85 0
3 -19 -69 0
-71 98 -100 0
-3 11 -27 0
-34 50 92 0
-61 -71 -79 0
-32 -59 -61 0
-14 -51 -96 0
-29 -36 99 0
-17 27 -29 0
-4 -19 51 0
-2 -61 -93 0
-11 -54 -65 0
44 55 -64 0
8 47 -79 0
15 -84 87 0
-3 7 -80 0
41 -66 -90 0
13 -44 -92 0
40 50 -63 0
49 -51 63 0
-7 -41 -98 0
-19 -56 -59 0
4 71 75 0
33 49 -91 0
31 76 -99 0
-12 -31 53 0
23 49 -93 0
20 33 99 0
77 79 90 0
-30 37 49 0
25 -73 98 0
-8 -35 49 0
2 -61 72 0
29 62 79 0
-4 -6 100 0
16 41 -82 0
4 37 39 0
29 -61 67 0
-4 -46 89 0
-3 -17 64 0
-33 -64 97 0
13 -26 93 0
-19 59 -69 0
13 -22 -24 0
25 -57 91 0
27 -52 -53 0
-16 -53 -70 0
2 -12 -68 0
30 58 -92 0
9 26 28 0
-1 48 -70 0
64 89 98 0
10 32 -53 0
-14 -17 -50 0
-17 -39 -81 0
22 37 -53 0
-27 34 -65 0
-4 -46 -50 0
5 -23 -65 0
2 -76 88 0
-25 -27 -33 0
19 60 65 0
-3 9 68 0
23 47 90 0
1 -68 -74 0
18 -22 -80 0
-2 21 77 0
-4 27 85 0
-33 44 -81 0
-1 -2 -57 0
24 -41 -58 0
13 82 -83 0
60 -72 76 0
-55 72 93 0
-1 -19 -23 0
-17 36 46 0
36 -54 67 0
-22 -34 97 0
27 -37 -65 0
87 -88 -95 0
-42 70 75 0
-5 85 -100 0
-11 -29 -51 0
13 26 -37 0
2 -13 -95 0
9 -35 36 0
-23 -43 -69 0
7 14 73 0
-4 11 -24 0
-48 88 -94 0
27 -46 -80 0
15 29 -43 0
-7 10 -15 0
5 -20 -59 0
-59 -85 100 0
-40 88 93 0
20 -26 63 0
-12 -22 -100 0
-47 -77 -95 0
55 74 -82 0
36 -96 98 0
-53 -76 -92 0
30 -32 42 0
-7 75 94 0
24 -34 -63 0
-8 -59 77 0
-36 39 67 0
66 -83 -91 0
36 44 -82 0
-7 -69 -78 0
22 75 81 0
-41 -62 -89 0
-12 62 -99 0
58 71 82 0
13 72 74 0
55 83 -98 0
-37 -39 -47 0
-35 -64 94 0
36 88 -93 0
8 -82 -88 0
-56 -65 -83 0
-7 50 97 0
-55 -84 -90 0
37 82 -88 0
68 -77 -97 0
-34 -64 90 0
49 -57 92 0
2 -20 -98 0
14 -21 -93 0
-3 -10 84 0
71 76 -91 0
-15 30 92 0
8 -65 74 0
21 -62 80 0
4 61 78 0
-23 -55 -83 0
8 -63 -75 0
-48 49 96 0
-15 68 78 0
-10 59 94 0
-9 46 61 0
-32 68 95 0
62 -63 -69 0
23 -62 85 0
14 -33 -93 0
26 50 67 0
-13 -39 69 0
18 20 -52 0
-15 27 54 0
2 -25 -98 0
-9 -21 -99 0
23 73 93 0
6 -18 -81 0
-6 -48 50 0
6 -38 48 0
24 -36 56 0
-27 -74 -100 0
-48 63 -70 0
27 40 -58 0
3 60 -91 0
-2 -11 59 0
78 -80 99 0
4 -31 -80 0
6 56 58 0
-33 -48 -81 0
13 -17 -95 0
-43 56 69 0
-65 -67 80 0
33 70 97 0
-5 68 100 0
17 -35 -50 0
-9 -29 -78 0
-4 56 -88 0
28 -57 -75 0
-9 20 -53 0
56 80 91 0
5 -25 -100 0
19 -21 -28 0
2 56 -94 0
-11 81 90 0
-14 -37 74 0
23 30 62 0
63 67 -98 0
21 41 54 0
-13 -34 43 0
34 -36 -74 0
-20 79 83 0
12 -40 43 0
-12 -24 65 0
7 -18 82 0
36 -69 88 0
-15 68 81 0
-1 47 80 0
-23 -48 70 0
-19 26 -80 0
-18 -58 -68 0
-52 -64 -95 0
36 50 -78 0
12 28 -99 0
2 -3 41 0
-14 54 -75 0
29 -78 -83 0
9 87 -98 0
62 91 -93 0
-19 -30 44 0
10 79 92 0
-6 46 -86 0
-5 -26 -81 0
50 -64 93 0
-14 -29 -82 0
28 -78 92 0
-7 85 -100 0
-13 35 -57 0
-7 -65 78 0
-5 17 -82 0
-60 84 95 0
26 48 -55 0
32 55 -71 0
-65 90 -98 0
48 -93 -99 0
-17 -90 -99 0
-52 64 98 0
21 83 -88 0