p cnf 100 480
-60 74 89 0
-25 -65 72 0
11 -19 -80 0
32 33 -46 0
-9 59 75 0
10 64 85 0
-19 43 -98 0
-18 -40 85 0
55 77 82 0
-68 75 -76 0
67 73 -87 0
70 95 97 0
-16 17 -69 0
-6 -13 -86 0
-23 -84 88 0
5 -57 61 0
-14 20 98 0
-17 18 -88 0
-49 -67 -86 0
5 -25 -49 0
-52 -77 -96 0
31 -37 -84 0
-18 -53 -73 0
-7 64 78 0
-8 -34 -97 0
6 30 91 0
17 89 -97 0
47 -73 -97 0
13 -31 92 0
26 48 -81 0
47 -59 -76 0
11 29 46 0
-24 83 86 0
-6 -83 -97 0
-24 -39 89 0
-28 32 36 0
-5 37 77 0
29 81 -91 0
-47 -57 95 0
22 -66 71 0
19 -78 82 0
24 50 -71 0
-22 -47 -97 0
-41 56 89 0
-22 34 -70 0
7 15 -71 0
-35 -61 -99 0
25 29 54 0
41 58 -74 0
-48 56 -63 0
13 -15 50 0
-28 -63 -70 0
-25 59 -74 0
-7 26 79 0
-52 79 89 0
1 29 -86 0
13 -28 63 0
48 -88 -90 0
26 31 93 0
8 34 75 0
29 -38 -76 0
-46 -62 -79 0
43 -45 -77 0
-47 86 -98 0
72 -78 -84 0
45 -65 99 0
-4 31 -68 0
1 64 94 0
-2 13 -81 0
-46 51 61 0
18 19 -39 0
-24 -42 76 0
-46 -49 58 0
-18 28 43 0
26 -38 61 0
-25 37 55 0
14 -36 62 0
11 -39 77 0
44 64 -71 0
18 -30 90 0
16 -17 -72 0
-11 63 -93 0
-15 78 81 0
42 71 79 0
27 41 84 0
-15 -40 -76 0
21 63 -82 0
9 17 -74 0
10 85 96 0
48 -64 -75 0
2 -54 -61 0
-66 81 99 0
7 48 94 0
-14 -24 42 0
17 61 65 0
-35 -77 98 0
33 -50 -95 0
35 -85 -86 0
68 -82 88 0
21 -29 76 0
-23 -82 -88 0
13 53 -78 0
-13 -78 -100 0
16 67 92 0
12 27 -60 0
-5 83 -93 0
24 -26 99 0
50 -58 -71 0
22 69 86 0
-36 -42 -65 0
46 -56 89 0
-11 -40 55 0
27 -29 -84 0
-14 -24 -75 0
17 24 39 0
-37 -76 96 0
30 49 -99 0
-13 -25 36 0
2 -16 -76 0
35 53 -83 0
9 -32 -63 0
39 -67 76 0
-10 77 96 0
-14 -33 39 0
-18 -55 -60 0
-19 39 -89 0
29 90 92 0
14 -19 -62 0
7 -19 -60 0
64 -66 93 0
8 -13 -37 0
22 44 79 0
81 83 96 0
-17 -45 88 0
27 44 -87 0
37 -42 -97 0
12 -52 95 0
8 23 44 0
57 65 86 0
-9 14 63 0
-2 10 -16 0
-79 -89 -90 0
-40 -61 -81 0
-53 63 -85 0
-18 -47 52 0
-25 54 56 0
30 -62 -65 0
27 44 53 0
-25 -41 -60 0
58 -67 -96 0
16 -70 -88 0
-14 -50 -52 0
34 72 -87 0
17 61 -97 0
6 25 -89 0
61 67 -84 0
-14 -91 -92 0
15 27 35 0
-16 -26 83 0
21 -39 99 0
15 59 82 0
48 -78 -91 0
42 -68 -81 0
19 28 -30 0
14 -42 89 0
-19 -36 -77 0
-35 -43 -91 0
-25 -37 -63 0
50 -85 87 0
-39 -46 -50 0
7 36 76 0
36 -64 72 0
8 -16 92 0
-17 48 -54 0
-23 -67 -82 0
-5 57 74 0
24 -37 99 0
-21 73 95 0
-51 -72 84 0
-13 39 -41 0
13 14 -97 0
1 -54 94 0
50 76 83 0
-32 -62 96 0
18 84 -85 0
-23 47 98 0
58 -66 -76 0
22 48 -83 0
50 -55 -75 0
-20 33 34 0
9 14 -36 0
-7 80 90 0
1 -48 -57 0
-55 82 96 0
28 43 65 0
-63 66 86 0
-18 36 -37 0
-69 -93 -96 0
-27 -39 85 0
35 -68 -80 0
24 57 72 0
8 -54 -85 0
-33 55 86 0
-39 66 100 0
-28 -45 -91 0
-52 71 83 0
9 38 -88 0
-50 66 98 0
22 -81 91 0
-60 69 86 0
-3 46 -95 0
34 -85 87 0
-19 -20 -49 0
-1 -2 95 0
-5 20 -38 0
35 58 -64 0
6 -9 83 0
3 -29 -89 0
-4 8 -62 0
18 -30 51 0
-26 -36 45 0
70 86 92 0
24 41 60 0
-55 -62 69 0
-36 -64 -78 0
38 -54 -57 0
11 60 84 0
-8 -19 67 0
-47 -59 80 0
33 -38 -57 0
-12 -56 -88 0
15 -21 -87 0
50 63 85 0
-83 -86 -92 0
65 77 96 0
41 78 79 0
-9 61 98 0
-10 -18 -80 0
31 48 -73 0
26 -88 96 0
-33 -49 94 0
11 12 -76 0
84 -85 100 0
-14 -61 -69 0
20 -55 94 0
-16 46 56 0
-30 -39 74 0
-63 67 81 0
-41 -65 66 0
15 -21 64 0
79 87 96 0
40 93 98 0
17 45 82 0
17 84 -86 0
-19 78 -82 0
1 12 -76 0
40 58 -82 0
40 -50 -71 0
34 -64 100 0
-77 88 -99 0
24 -61 81 0
40 51 100 0
15 -26 44 0
-14 50 52 0
-3 -62 -69 0
7 38 56 0
3 22 89 0
21 54 65 0
-18 48 74 0
7 -11 19 0
-11 -15 51 0
-5 -21 -47 0
-43 -45 79 0
-42 59 62 0
-15 -69 -73 0
-14 78 -84 0
-8 -66 89 0
-13 -46 -89 0
6 -45 -50 0
3 64 -75 0
-8 -71 79 0
-14 22 25 0
-3 -31 -55 0
-5 -73 -96 0
-22 -60 -100 0
-25 -74 76 0
-1 4 48 0
3 5 -17 0
-19 -24 -35 0
5 24 36 0
-8 20 -24 0
-4 32 100 0
-13 24 75 0
-6 -22 89 0
6 15 87 0
70 -86 -94 0
-42 81 -90 0
41 -43 85 0
12 48 -70 0
-16 -64 -76 0
4 70 -81 0
-77 -85 89 0
-5 26 -100 0
-25 -48 81 0
-15 21 -49 0
41 66 -69 0
38 76 94 0
-31 36 75 0
-3 6 -86 0
-15 -22 -61 0
-4 90 -97 0
33 40 48 0
66 -67 -76 0
32 38 -57 0
7 -24 89 0
-54 -76 94 0
-12 19 -31 0
-35 49 55 0
3 37 -78 0
-33 39 -98 0
-5 -19 -98 0
-29 47 -93 0
-11 23 57 0
26 -38 56 0
-35 67 -79 0
-11 -54 -87 0
23 -26 -55 0
33 48 57 0
-23 46 49 0
19 -27 -30 0
-78 91 -94 0
43 48 -82 0
38 61 -65 0
8 66 92 0
5 -8 -89 0
23 -72 98 0
17 31 67 0
-30 40 45 0
47 48 88 0
-30 -39 90 0
23 -24 -99 0
-36 48 98 0
-38 -82 95 0
-16 -24 41 0
3 31 -66 0
-52 61 -78 0
-35 -61 -66 0
-32 63 -94 0
20 49 -71 0
29 52 -54 0
-36 71 99 0
31 -53 -63 0
74 -80 92 0
18 72 84 0
-39 58 91 0
58 76 93 0
27 69 76 0
-15 29 -54 0
20 29 -74 0
22 48 67 0
60 80 -84 0
23 64 -84 0
4 -18 99 0
-21 -34 98 0
17 21 70 0
-17 55 93 0
24 -65 -76 0
2 -9 14 0
25 58 75 0
-21 43 50 0
-14 -36 -84 0
3 7 -35 0
-30 82 -85 0
6 40 49 0
50 -82 99 0
-21 -33 -97 0
-34 -56 -90 0
18 -47 -63 0
-28 -42 -69 0
-31 -42 93 0
55 -80 96 0
35 -41 -68 0
-21 84 90 0
28 -37 98 0
52 60 75 0
40 74 -100 0
3 19 -27 0
11 -35 -39 0
26 -80 85 0
28 88 93 0
23 -42 80 0
55 62 -79 0
-20 60 -66 0
17 -22 -71 0
-53 61 -66 0
28 52 -53 0
5 24 35 0
29 -32 -84 0
28 -74 99 0
-18 28 87 0
-67 -70 -83 0
13 59 -90 0
-37 87 90 0
5 9 19 0
-6 -8 -88 0
-8 30 33 0
5 68 72 0
10 -22 -39 0
13 53 67 0
-10 20 37 0
-5 30 71 0
-17 32 78 0
11 51 -68 0
-40 -59 96 0
-11 -26 38 0
13 -55 -58 0
1 -21 -64 0
61 -70 74 0
13 -74 91 0
7 38 -92 0
9 56 -69 0
22 -51 -64 0
25 61 96 0
40 65 -85 0
10 -12 60 0
46 -87 -93 0
-30 33 47 0
-44 55 59 0
37 -53 88 0
13 -52 -93 0
56 -78 -100 0
-5 -21 29 0
-15 -23 73 0
-5 17 60 0
40 59 86 0
1 20 100 0
-34 51 -74 0
-20 -46 68 0
-22 -75 -90 0
-3 22 -60 0
23 -46 -53 0
59 74 -97 0
-3 46 91 0
7 78 -95 0
37 -52 -71 0
40 -75 -95 0
-18 -35 44 0
8 -13 62 0
-14 68 90 0
51 85 88 0
30 -79 -98 0
17 -21 -29 0
-24 -43 70 0
24 -44 72 0
-1 2 -71 0
7 -54 90 0
87 91 97 0
4 40 -50 0
1 -17 59 0
-33 -63 -79 0
19 -36 -68 0
-20 -32 -44 0
27 34 78 0
42 -65 -90 0
-28 -34 56 0
54 -78 -97 0
24 58 -95 0
-30 -35 76 0
-36 -68 80 0
-20 -45 -78 0
17 -35 -38 0
5 -59 -69 0
28 -29 -93 0
23 50 -83 0
-14 -15 -55 0
-13 75 -85 0
-10 45 -70 0
-41 -46 78 0
3 -24 97 0
-22 23 95 0