p cnf 100 460
-10 -90 95 0
47 75 93 0
26 95 96 0
22 -40 90 0
65 -71 90 0
-13 57 -86 0
-22 85 -99 0
34 42 -80 0
5 -37 69 0
45 50 58 0
43 69 79 0
-29 -59 -78 0
-4 8 -52 0
8 -67 96 0
-4 -67 -79 0
67 77 86 0
-44 56 -65 0
-9 18 79 0
-8 -46 73 0
39 -75 87 0
-24 35 -68 0
41 -59 69 0
18 -74 78 0
-21 -67 -99 0
9 13 33 0
-2 9 -67 0
3 -13 20 0
-20 -40 -98 0
-45 -53 -91 0
9 37 -74 0
3 26 -87 0
10 53 81 0
53 67 -73 0
42 -62 84 0
39 42 69 0
-65 86 90 0
-70 82 91 0
39 83 -95 0
-46 -63 85 0
-14 -24 65 0
50 52 75 0
4 36 75 0
27 -53 -57 0
45 63 -100 0
65 -68 -79 0
-18 59 -83 0
14 24 65 0
-8 -60 100 0
-1 17 87 0
15 -21 86 0
66 68 -94 0
-12 58 -68 0
34 -67 79 0
54 -68 -75 0
-11 -67 92 0
20 -43 -87 0
-65 -69 -80 0
15 51 -60 0
37 91 -94 0
33 -68 98 0
23 -24 -43 0
52 73 97 0
48 80 93 0
-19 -21 -68 0
33 -55 71 0
-16 -45 -80 0
-4 67 -97 0
-12 65 -76 0
-33 68 -90 0
7 -24 -90 0
25 -68 80 0
-32 -51 -64 0
-3 -11 -52 0
15 34 58 0
6 7 -93 0
16 56 -86 0
4 80 89 0
-9 -47 95 0
48 62 -84 0
-18 43 49 0
-55 -62 -100 0
29 37 -51 0
43 65 84 0
27 42 54 0
10 -23 -41 0
27 35 -81 0
3 -18 100 0
-16 -83 -84 0
38 -81 87 0
-47 63 70 0
-8 -17 -64 0
21 62 98 0
15 49 61 0
4 -30 77 0
-64 -77 93 0
58 62 73 0
6 -24 -38 0
24 60 -69 0
39 66 -70 0
31 39 54 0
-43 -70 -76 0
-48 52 62 0
11 -20 -47 0
35 -55 61 0
2 78 -95 0
-7 -53 -94 0
-3 -32 -34 0
23 26 33 0
-20 32 -68 0
-48 55 98 0
40 83 -96 0
-29 79 -81 0
-25 78 99 0
42 44 59 0
-24 38 71 0
-37 45 -47 0
-18 -43 66 0
-27 -44 -76 0
-46 -55 -99 0
33 42 -46 0
-14 -40 -52 0
38 39 56 0
-26 76 -96 0
-4 35 -56 0
56 -63 -78 0
-1 -35 84 0
-11 -21 61 0
40 60 76 0
-3 -38 -55 0
7 -64 -91 0
15 -45 88 0
27 -46 -92 0
-3 -21 -36 0
5 -87 100 0
16 40 -68 0
-10 -22 -85 0
13 14 -51 0
-13 45 72 0
-26 80 -89 0
39 49 56 0
18 -43 -62 0
48 61 62 0
-50 58 63 0
22 27 -38 0
33 -44 -82 0
-16 49 -98 0
-20 33 -88 0
37 -75 84 0
32 -63 91 0
-22 32 -41 0
-17 25 -67 0
15 -18 -62 0
-15 31 62 0
58 -85 -86 0
-30 31 46 0
15 19 -82 0
-10 93 -100 0
20 -66 69 0
-28 -43 -56 0
37 79 -81 0
29 -79 -97 0
-19 -45 51 0
-16 -84 -86 0
-19 46 -100 0
-16 -22 28 0
21 47 56 0
-26 -29 -45 0
41 63 -82 0
-12 21 -63 0
6 -25 37 0
2 7 28 0
-56 -71 75 0
33 -79 -84 0
-27 67 92 0
-7 70 81 0
37 -75 -80 0
41 42 57 0
-62 -76 85 0
57 -59 64 0
43 -75 87 0
-18 26 72 0
45 -51 -87 0
-1 15 24 0
-31 -56 97 0
-10 -39 -73 0
-50 56 -77 0
9 -83 84 0
4 59 -75 0
8 30 -64 0
32 -39 62 0
-4 -47 92 0
-30 -32 -61 0
-33 86 97 0
-14 62 76 0
-7 28 -48 0
43 -56 99 0
-4 -15 -22 0
9 -17 72 0
-2 -73 85 0
-18 -49 -68 0
-17 -18 73 0
15 69 100 0
-19 -47 80 0
46 69 -79 0
9 -37 99 0
-19 22 -42 0
-44 71 -80 0
70 86 90 0
71 -79 -86 0
-1 53 -85 0
-11 -24 -84 0
13 86 96 0
-30 43 48 0
-16 44 87 0
41 58 -66 0
-11 21 31 0
-14 24 90 0
-10 -21 23 0
-87 -90 98 0
1 50 -64 0
25 -80 92 0
25 27 69 0
-7 20 -24 0
44 78 89 0
-32 60 96 0
3 40 52 0
-24 73 91 0
-43 60 89 0
10 -41 -60 0
7 46 48 0
21 -45 -71 0
45 67 -93 0
32 -40 76 0
8 36 70 0
9 57 -94 0
37 55 58 0
-8 78 -94 0
10 64 68 0
-3 39 -99 0
-45 57 -62 0
43 -72 79 0
-14 -43 -77 0
-7 8 -10 0
33 51 -61 0
-38 52 -76 0
9 75 99 0
-5 26 -43 0
32 -38 98 0
-22 -27 -61 0
1 -40 -94 0
-35 44 -66 0
-25 31 -42 0
13 61 79 0
-55 -60 64 0
-27 31 44 0
-20 -74 -83 0
-21 -77 91 0
-6 7 45 0
44 -49 -73 0
4 -22 -100 0
4 33 84 0
-21 -30 60 0
-17 -64 96 0
47 78 -92 0
13 33 -44 0
65 82 90 0
19 -30 70 0
-56 -66 85 0
54 -75 96 0
38 -61 70 0
5 26 -36 0
-22 -31 -36 0
55 -57 75 0
41 -56 -60 0
24 40 83 0
14 -39 48 0
6 -23 65 0
-13 72 83 0
-44 61 91 0
31 -33 -90 0
-58 70 -78 0
21 59 94 0
21 46 58 0
31 47 -87 0
26 -62 100 0
2 -55 -84 0
35 -36 42 0
62 86 100 0
-13 30 -87 0
26 66 78 0
4 -35 94 0
35 43 -61 0
-27 94 100 0
51 -75 -84 0
-10 49 -86 0
53 -90 -99 0
-34 91 96 0
9 79 87 0
-42 54 58 0
-37 72 85 0
-46 59 100 0
50 -81 86 0
49 -67 79 0
19 35 84 0
27 -46 97 0
-8 -33 36 0
28 -79 -94 0
-28 -37 83 0
13 -31 84 0
-15 17 41 0
-16 18 52 0
-15 -28 -53 0
60 65 -75 0
-31 -35 -65 0
29 -36 43 0
-22 -28 -94 0
-13 -19 -77 0
39 42 58 0
24 45 -94 0
34 -61 70 0
2 75 -98 0
-59 70 -72 0
-39 -40 45 0
-15 -23 -76 0
10 37 -51 0
-20 -77 -84 0
1 -44 48 0
-5 59 -66 0
40 41 54 0
-14 -40 -45 0
39 61 99 0
11 98 -100 0
74 -93 94 0
-15 24 -90 0
-12 -86 -97 0
-20 29 -55 0
-26 -44 -70 0
-18 52 -71 0
-21 -24 56 0
-28 42 90 0
29 -40 85 0
11 14 90 0
-43 -44 -95 0
-34 -36 -60 0
-6 23 93 0
-1 7 -55 0
7 -17 92 0
44 59 66 0
-7 -18 -24 0
54 76 95 0
16 -51 72 0
-33 -55 -89 0
11 81 84 0
-13 -31 100 0
-16 -50 -91 0
39 60 79 0
-31 -54 86 0
-34 59 99 0
9 -43 -86 0
10 98 -99 0
-30 -39 -88 0
35 -64 -95 0
49 52 -82 0
-1 -15 41 0
5 -63 87 0
22 -68 -94 0
42 -79 -87 0
-39 83 -91 0
-16 60 -89 0
5 9 53 0
-12 64 77 0
-20 -58 93 0
17 59 -69 0
-38 71 -79 0
-56 60 65 0
-39 50 -91 0
-2 35 55 0
-15 31 86 0
43 62 99 0
59 -65 -77 0
15 -39 70 0
14 -15 -94 0
-12 41 55 0
-37 -83 88 0
9 -25 36 0
-28 47 60 0
20 -37 -39 0
-11 68 -71 0
-1 25 74 0
-23 74 77 0
-2 -38 63 0
-20 28 65 0
11 14 19 0
37 59 84 0
9 -48 -61 0
-10 -28 77 0
-56 -67 -71 0
3 -34 60 0
-11 -59 -71 0
-10 35 -51 0
-20 -83 88 0
48 72 82 0
38 -45 -90 0
-41 -87 -97 0
-17 -62 -72 0
-71 73 88 0
-5 37 -53 0
-6 -33 -36 0
1 -5 -59 0
-37 58 -82 0
7 37 -45 0
-36 -37 -93 0
-9 62 -81 0
64 94 -96 0
48 -58 91 0
-5 53 -57 0
23 51 89 0
-8 16 -31 0
25 27 98 0
24 53 68 0
-27 39 86 0
-14 -46 -79 0
43 63 83 0
-21 -62 69 0
13 -57 -86 0
-29 -34 86 0
-42 46 54 0
44 -60 -70 0
14 -63 -64 0
-4 -28 -97 0
40 -88 96 0
-24 -64 83 0
30 43 -53 0
-11 35 55 0
-51 -81 -92 0
-15 -74 77 0
-23 -43 98 0
-20 -58 83 0
42 -45 51 0
41 -45 72 0
3 24 83 0
-25 56 87 0
-40 66 -93 0
-27 29 -78 0
-4 -78 -100 0
23 67 -71 0
-10 -60 64 0
34 76 -86 0
22 -50 -80 0
-6 45 -48 0
19 -51 -81 0
18 31 -86 0
-31 -60 97 0
43 57 -76 0
78 93 -97 0
4 -9 -60 0
-30 -32 -67 0
-2 19 -83 0
-32 55 81 0
77 -83 -96 0