p cnf 100 360
5 25 -32 0
61 -94 97 0
-26 -66 96 0
33 36 96 0
-44 68 -93 0
28 -96 100 0
8 -59 -92 0
-5 -38 56 0
-35 -54 -98 0
-19 -42 70 0
9 14 27 0
-2 6 18 0
-1 -3 26 0
2 -36 97 0
39 94 95 0
69 -88 -91 0
4 9 38 0
-48 77 -83 0
21 32 80 0
-1 -16 -35 0
15 -67 85 0
11 -37 53 0
13 -25 -35 0
15 19 -44 0
-13 34 82 0
-9 25 -60 0
24 38 48 0
-53 -88 90 0
-84 -85 -94 0
-23 44 55 0
29 87 88 0
-15 66 78 0
37 48 86 0
41 44 99 0
50 73 -80 0
19 -22 -28 0
3 48 54 0
-23 -52 -96 0
-50 -84 -89 0
28 -50 68 0
-9 27 80 0
73 -83 -89 0
40 -57 -73 0
-25 -54 -58 0
33 -34 -38 0
23 -52 -100 0
-24 -28 -46 0
-4 -36 42 0
6 14 67 0
8 -27 -48 0
19 -23 -63 0
12 -20 57 0
-15 26 -100 0
33 -67 89 0
-11 47 51 0
-9 -61 -77 0
-56 -75 93 0
-30 -90 -100 0
30 33 -90 0
-46 54 -65 0
64 66 81 0
-71 -79 98 0
-30 -72 -74 0
9 -96 -100 0
41 73 87 0
6 -57 58 0
13 62 88 0
-39 81 91 0
12 46 69 0
-36 59 85 0
9 -55 72 0
3 26 53 0
1 46 84 0
6 29 86 0
-64 78 -99 0
-9 15 36 0
3 8 -40 0
-13 -54 -68 0
32 65 75 0
-19 -44 45 0
10 25 77 0
29 -59 69 0
-19 30 32 0
-10 -14 87 0
-13 74 91 0
7 -54 60 0
-58 78 79 0
-1 -49 55 0
-3 -29 63 0
23 29 97 0
66 71 -84 0
28 64 -89 0
37 -52 -76 0
-1 -20 88 0
18 31 90 0
25 -29 -78 0
-17 -25 -55 0
43 66 69 0
-13 -60 96 0
-18 29 96 0
40 -57 -68 0
-6 33 46 0
6 -61 -80 0
-1 -51 -69 0
-18 60 -75 0
20 -21 -58 0
-65 67 -95 0
12 -16 98 0
12 60 -89 0
5 36 91 0
-18 -19 -84 0
-2 27 -92 0
18 27 -68 0
-29 55 -58 0
11 -74 86 0
-31 -42 -99 0
-15 24 64 0
-10 -60 -90 0
14 -22 73 0
-32 59 -100 0
-1 -37 -64 0
18 24 -48 0
4 16 -28 0
-25 -48 74 0
26 40 -94 0
-45 -48 86 0
-5 -7 53 0
-12 -67 71 0
4 -13 70 0
18 40 76 0
-60 84 -87 0
35 59 69 0
30 -48 -64 0
-60 -68 -84 0
21 78 90 0
-30 -41 -93 0
35 91 96 0
54 -57 -72 0
46 -61 72 0
14 -20 68 0
-52 -72 90 0
26 42 -63 0
-65 86 -93 0
9 -65 -89 0
-29 31 87 0
-1 -39 87 0
24 -25 85 0
-30 55 -63 0
-4 74 -84 0
-62 -75 -91 0
-3 98 100 0
-21 -51 -81 0
50 -54 -61 0
56 -81 -93 0
-33 -37 71 0
-48 -65 85 0
77 85 -88 0
-54 66 76 0
19 -46 98 0
-53 -92 93 0
18 84 86 0
25 66 -75 0
27 -31 -50 0
64 94 96 0
7 -34 47 0
-56 -65 -76 0
-47 89 93 0
-27 -33 55 0
-22 -36 80 0
38 67 -69 0
-18 23 -81 0
4 22 25 0
6 22 -66 0
-7 -18 -29 0
1 -16 29 0
3 -7 -82 0
-2 6 -90 0
-22 38 82 0
24 34 -75 0
34 83 85 0
-38 -51 62 0
-37 64 -73 0
43 78 100 0
-52 80 -94 0
-48 -60 -76 0
-30 41 70 0
5 10 -15 0
5 16 -44 0
17 -50 63 0
48 -77 92 0
-39 47 -61 0
-50 79 91 0
55 -70 91 0
-3 -47 -60 0
14 35 -75 0
1 -17 -79 0
-4 -26 -31 0
19 -59 -76 0
-44 -64 79 0
-16 -52 -54 0
28 33 92 0
21 -43 54 0
46 -59 100 0
16 -17 25 0
-15 -19 -50 0
44 -54 68 0
35 41 75 0
-30 -93 -96 0
29 52 -79 0
16 -23 41 0
17 37 58 0
28 -54 70 0
-16 -45 -59 0
-44 -70 -71 0
14 -50 -67 0
-70 75 76 0
32 -70 78 0
-36 -74 99 0
29 -53 -86 0
-24 -36 -61 0
-36 -54 91 0
-37 57 -95 0
-10 -30 88 0
36 -89 -92 0
9 31 73 0
12 -36 83 0
38 53 -82 0
-27 -43 44 0
-1 -13 47 0
-1 -32 -96 0
-34 76 -87 0
20 44 -98 0
-22 24 -75 0
-23 -55 92 0
-76 89 100 0
17 -66 96 0
-40 -55 -87 0
-11 -60 95 0
17 -47 -77 0
30 35 -48 0
-17 19 -22 0
-3 5 -41 0
59 67 -86 0
-24 -61 -82 0
10 -21 -58 0
-1 29 -53 0
87 89 95 0
-76 -84 -86 0
-9 49 66 0
19 29 -48 0
-16 -47 83 0
17 -70 94 0
27 29 -60 0
15 -16 -89 0
-34 -65 -88 0
-26 -38 86 0
-3 4 41 0
12 34 -64 0
-15 41 100 0
31 32 42 0
12 52 83 0
3 26 -42 0
-24 31 60 0
-2 22 23 0
55 61 -68 0
-9 74 -83 0
-37 49 77 0
62 81 -87 0
-16 59 94 0
32 -37 -38 0
42 77 80 0
13 77 84 0
-3 -36 59 0
8 57 -84 0
-25 -57 -100 0
-30 -34 -80 0
14 25 84 0
-3 10 54 0
17 -91 92 0
34 -53 89 0
8 -68 82 0
-51 52 90 0
-60 70 98 0
18 22 48 0
-55 -65 91 0
44 86 87 0
25 77 93 0
-37 -41 -89 0
24 -64 96 0
-48 -52 87 0
-5 47 53 0
-3 -34 92 0
-26 -72 -96 0
18 30 -31 0
8 69 73 0
-25 58 -77 0
-29 81 -87 0
49 -53 79 0
-31 51 -88 0
-7 -37 92 0
4 -50 -51 0
-12 60 66 0
-6 -65 93 0
23 28 73 0
3 -35 -95 0
29 39 -91 0
-6 15 -92 0
-73 78 82 0
11 -38 77 0
38 57 59 0
13 22 -33 0
7 21 -69 0
-24 30 -69 0
-54 -60 -84 0
8 31 52 0
26 -55 70 0
-28 -48 69 0
18 25 -90 0
-43 -60 -94 0
38 85 -95 0
-25 31 53 0
37 81 -82 0
-6 -31 85 0
-5 -79 -97 0
-52 -73 97 0
-26 54 80 0
71 80 92 0
4 -28 62 0
-23 46 56 0
8 20 -41 0
14 15 88 0
-15 43 99 0
-56 81 95 0
15 64 93 0
-33 67 99 0
66 76 -94 0
59 66 85 0
68 69 90 0
55 -82 -88 0
-15 16 -79 0
-70 -80 -92 0
54 90 -94 0
-20 79 93 0
-28 42 52 0
34 61 77 0
41 81 -88 0
-7 -18 -46 0
27 -48 -51 0
-10 -73 -91 0
-3 61 -68 0
58 -68 84 0
-44 -53 100 0
-6 -15 88 0
-60 63 100 0
-33 56 88 0
32 39 100 0
-20 44 -95 0
-7 -11 65 0
-6 32 -82 0
10 -27 61 0