p cnf 100 440
-39 52 -76 0
17 -67 73 0
59 -81 -85 0
13 -50 78 0
-33 -43 -56 0
88 89 98 0
-27 -28 -61 0
11 -17 -46 0
62 65 -70 0
6 12 94 0
38 58 -98 0
6 15 -28 0
-49 -64 69 0
-24 38 -47 0
4 -85 100 0
34 37 88 0
38 -64 90 0
28 -86 -96 0
-43 79 -82 0
15 -86 87 0
21 35 82 0
-40 -61 -85 0
53 63 98 0
-4 -6 55 0
-45 57 74 0
-10 42 89 0
5 -52 -57 0
-62 82 -91 0
39 -46 77 0
-31 64 71 0
49 -82 -97 0
15 49 -82 0
8 74 -75 0
18 79 97 0
-5 -21 -46 0
-6 -65 80 0
-2 -9 -52 0
31 46 -95 0
15 52 -71 0
-53 75 90 0
32 -38 72 0
-29 -42 -98 0
34 63 -64 0
-22 -34 73 0
13 24 -85 0
-8 49 -60 0
4 -37 -94 0
8 51 75 0
-52 -65 88 0
-6 -31 100 0
-62 68 -84 0
-31 -68 79 0
-13 25 -27 0
-24 -27 -43 0
71 79 87 0
31 -73 87 0
47 -70 -87 0
8 -19 40 0
42 48 68 0
17 -45 75 0
35 -79 85 0
-1 19 23 0
45 -46 -89 0
-41 85 -96 0
-7 24 64 0
1 -72 93 0
-7 92 95 0
21 -89 -93 0
1 82 90 0
-9 18 -28 0
5 9 -48 0
-28 69 -98 0
-58 -76 -77 0
3 17 100 0
63 -64 67 0
-27 48 -76 0
14 -75 80 0
38 41 77 0
-9 20 37 0
-21 92 -99 0
-17 -57 89 0
-36 -71 100 0
1 49 71 0
-34 -85 99 0
25 49 -97 0
5 -75 -86 0
-70 76 78 0
13 82 100 0
-5 21 84 0
-61 66 -76 0
-1 26 -52 0
-15 -27 68 0
-14 -32 66 0
28 -36 -82 0
10 -35 85 0
1 56 -100 0
9 -35 -93 0
-27 47 70 0
8 13 82 0
4 -16 -30 0
31 -77 -93 0
49 -57 83 0
17 27 -33 0
63 -69 75 0
-55 70 75 0
4 25 59 0
-55 -56 97 0
54 -67 -95 0
27 -37 -95 0
-3 16 70 0
38 52 62 0
-2 29 -84 0
1 -18 -80 0
-7 -78 -87 0
11 -38 -53 0
12 96 -97 0
-5 -80 82 0
22 -82 -93 0
-34 47 -67 0
20 55 -84 0
-17 -24 -67 0
2 33 -51 0
31 49 72 0
-15 60 -97 0
4 37 -46 0
-2 65 -97 0
36 -64 -79 0
-35 -64 77 0
-20 46 62 0
-33 -45 -52 0
-14 22 88 0
16 -17 84 0
62 -72 -85 0
-29 37 -90 0
63 -73 96 0
48 71 -93 0
27 -32 45 0
-24 -73 88 0
18 44 87 0
6 55 96 0
1 -48 -55 0
-5 -10 -73 0
5 -62 -70 0
-1 -65 86 0
-53 59 100 0
-22 -37 71 0
12 66 -78 0
23 38 81 0
41 -73 77 0
-18 32 81 0
-41 68 93 0
-83 -91 -100 0
50 53 87 0
-45 -80 93 0
-49 56 72 0
17 85 94 0
-8 -26 -74 0
16 37 -82 0
56 77 -79 0
-30 55 81 0
25 56 71 0
-26 -32 73 0
13 34 99 0
-20 53 -62 0
32 -42 -81 0
12 69 -74 0
45 -81 84 0
-21 -55 -91 0
77 -89 -99 0
29 54 70 0
37 -47 -95 0
-29 -35 47 0
12 13 87 0
8 -81 90 0
-23 37 74 0
-60 -83 -99 0
-18 -43 -45 0
-18 52 -67 0
23 35 42 0
5 -19 82 0
-20 70 89 0
-4 49 -72 0
8 -86 -91 0
-2 -26 -81 0
-21 -33 96 0
10 -59 94 0
40 62 -89 0
18 -25 -100 0
21 52 -68 0
-15 -38 -45 0
-51 65 -100 0
14 -22 -51 0
29 -56 68 0
-12 -87 -99 0
-32 42 -59 0
-15 -38 89 0
-25 60 -92 0
25 45 -68 0
-7 -83 100 0
27 -34 85 0
-11 15 -64 0
48 -51 56 0
6 59 -64 0
16 -45 71 0
-9 27 -31 0
-22 83 99 0
5 60 -71 0
7 -38 59 0
-57 62 89 0
4 85 89 0
-74 78 87 0
-10 45 75 0
-2 54 -78 0
63 -65 93 0
-23 66 71 0
-31 -65 -72 0
6 -70 97 0
45 65 -77 0
-14 34 99 0
61 -79 -90 0
-1 -40 -76 0
-22 71 -85 0
-12 44 -63 0
46 -57 -76 0
-20 -32 -78 0
-21 85 99 0
16 30 98 0
-19 -33 -95 0
-85 89 -97 0
-24 36 -51 0
2 -37 -60 0
9 81 -82 0
-18 55 -59 0
7 -13 24 0
43 73 88 0
58 -68 76 0
13 -47 81 0
59 66 84 0
-19 83 -87 0
-6 65 -89 0
-34 57 -74 0
24 -57 62 0
-54 -61 90 0
-45 49 97 0
-39 -61 77 0
55 -63 71 0
31 73 -100 0
-30 34 40 0
15 68 -92 0
-56 69 70 0
-13 74 98 0
28 31 -91 0
-21 -28 60 0
-62 -63 100 0
-62 78 -99 0
10 -41 58 0
18 25 27 0
17 -36 -98 0
-41 -69 73 0
42 -67 -91 0
12 -48 -59 0
-3 -52 -93 0
-67 70 -91 0
-33 39 -70 0
13 -54 72 0
18 -19 29 0
-7 -26 44 0
-45 -49 67 0
61 65 -85 0
-26 -39 -45 0
4 58 100 0
68 -81 85 0
33 -50 99 0
62 73 -87 0
59 -63 -93 0
19 24 -41 0
-38 44 -58 0
29 -46 -52 0
52 77 81 0
24 25 27 0
-13 -36 -85 0
-30 -34 -95 0
-11 17 -31 0
-14 19 35 0
68 79 -93 0
58 -84 -89 0
16 -83 90 0
-6 -32 60 0
60 96 98 0
-38 -48 70 0
26 -35 -96 0
-18 43 51 0
-1 35 -58 0
-10 34 -43 0
-6 79 -82 0
-10 -60 -87 0
-53 55 84 0
54 70 82 0
-18 -44 95 0
-33 -35 56 0
-35 -67 -89 0
-22 -24 29 0
-62 73 96 0
-35 65 96 0
-24 34 -89 0
-6 -52 -95 0
7 17 -24 0
10 -56 -96 0
30 -33 -73 0
20 22 88 0
41 -45 -97 0
-26 50 -62 0
26 78 99 0
-28 35 84 0
20 -61 -79 0
-14 -16 -35 0
21 39 -59 0
50 -61 -82 0
-59 -72 -73 0
-12 -88 100 0
50 -79 100 0
32 86 -91 0
-14 28 84 0
-4 -19 94 0
16 73 -86 0
-14 -15 93 0
-10 12 -41 0
67 -95 97 0
-51 -90 97 0
21 25 -33 0
-42 74 77 0
2 28 31 0
-67 -92 -98 0
17 38 80 0
-30 -32 -57 0
15 53 65 0
-36 44 52 0
21 -24 77 0
-4 -55 65 0
-14 33 53 0
21 50 -94 0
-35 50 71 0
-71 -78 -83 0
34 -57 -83 0
23 -47 57 0
-3 -56 100 0
38 -47 85 0
-65 84 100 0
-12 13 -32 0
-33 -90 100 0
-33 -49 -58 0
10 -40 90 0
19 -49 -72 0
57 66 -70 0
44 -70 86 0
26 -47 -68 0
-15 -27 -90 0
9 78 -85 0
47 95 -96 0
3 -15 -54 0
6 -27 62 0
34 37 89 0
-15 -28 57 0
-4 72 -85 0
15 58 -99 0
73 86 -98 0
8 -15 81 0
-60 89 98 0
68 -78 -91 0
-14 76 -84 0
-5 -12 24 0
37 -41 -68 0
-17 45 -95 0
-18 -70 -82 0
-15 19 -95 0
49 73 91 0
1 7 54 0
-37 -42 -86 0
2 47 90 0
-25 26 88 0
44 54 59 0
25 -39 48 0
56 63 -76 0
3 -44 -63 0
-5 -58 80 0
-1 -24 -65 0
-65 87 -88 0
-28 -64 -99 0
11 49 80 0
-3 -78 95 0
-45 46 86 0
43 -53 -89 0
-51 60 -63 0
11 -60 -91 0
41 -70 72 0
11 76 91 0
-39 84 -91 0
-8 -33 41 0
-15 28 -91 0
-12 -58 -100 0
29 -58 -84 0
3 -15 -74 0
-52 77 -83 0
41 -44 -69 0
-19 91 97 0
23 -61 98 0
-19 -60 91 0
-31 -44 79 0
12 -88 95 0
-59 62 -84 0
79 -87 -99 0
-14 28 -74 0
-10 62 -88 0
-1 33 -98 0
39 43 54 0
4 23 -59 0
28 -85 -90 0
12 15 18 0
-20 82 86 0
-6 -11 34 0
-8 -45 -86 0
22 -70 84 0
-33 44 -54 0
-7 63 -99 0
-54 -77 -78 0
-12 -40 -64 0
19 -58 -61 0
-6 -19 -53 0
-9 -47 -63 0
-46 -71 -94 0
-34 -71 72 0
-45 -47 -79 0
8 84 85 0
19 -30 -75 0
-20 -48 61 0
-8 17 55 0
-20 -29 47 0
-18 30 68 0
46 -82 88 0
13 -17 52 0