p cnf 100 580
-5 21 -81 0
-12 -25 38 0
25 -58 66 0
34 49 -93 0
-1 44 -86 0
-1 -49 -72 0
24 -46 76 0
-7 11 -89 0
53 54 86 0
10 -23 27 0
-8 47 -98 0
8 -27 47 0
-29 41 -77 0
-60 75 -81 0
-35 39 -91 0
24 45 53 0
14 39 69 0
9 -16 94 0
-36 46 -86 0
-19 -34 -55 0
37 -64 -85 0
26 34 -67 0
17 -42 82 0
3 -39 43 0
5 21 -29 0
8 -64 -78 0
-15 31 90 0
4 58 -95 0
-62 -74 -92 0
-59 -67 86 0
-19 -42 79 0
42 -55 60 0
-2 52 83 0
-3 -82 -97 0
10 37 -86 0
-20 68 73 0
51 62 79 0
1 44 -65 0
-8 -82 92 0
-8 -70 87 0
11 -49 73 0
-52 -71 -97 0
-4 -29 81 0
-2 -42 -69 0
2 -44 -87 0
56 60 90 0
38 43 97 0
12 36 93 0
60 67 -84 0
23 66 100 0
26 -56 -69 0
21 -45 -61 0
3 -32 -73 0
38 -65 76 0
22 -43 -60 0
-27 30 71 0
66 -67 78 0
-48 54 83 0
9 -55 -78 0
64 70 -80 0
-9 -11 69 0
-17 19 -46 0
1 -12 -57 0
-45 -66 92 0
-18 31 51 0
2 43 -46 0
5 35 39 0
77 82 95 0
73 -75 -98 0
29 66 79 0
68 -71 -99 0
43 -59 -60 0
-18 54 90 0
-43 73 -85 0
31 -38 -53 0
22 30 67 0
18 22 91 0
-42 -65 -83 0
55 -63 90 0
-13 66 96 0
18 -27 -88 0
8 47 -92 0
26 -36 67 0
13 15 -53 0
20 22 60 0
-36 51 -56 0
-36 93 96 0
-24 34 -96 0
-46 -52 -64 0
-15 83 -99 0
11 -46 -85 0
-8 -10 -55 0
19 -27 -58 0
-3 39 98 0
67 83 99 0
-20 -63 -73 0
-1 33 95 0
35 -36 -81 0
-48 -55 -59 0
1 -3 -78 0
-31 -54 -59 0
19 84 -98 0
-13 62 -84 0
-70 85 -96 0
31 51 -73 0
14 73 -84 0
-40 -97 100 0
18 -19 -52 0
21 53 -94 0
50 -56 -93 0
-42 -86 96 0
-12 -30 81 0
7 81 -83 0
-11 -48 -94 0
5 -22 64 0
-4 -23 83 0
-13 -93 99 0
-47 71 80 0
42 -70 -89 0
-7 50 -54 0
-4 50 84 0
-30 -32 -47 0
31 32 59 0
-65 71 -78 0
31 -72 -89 0
5 35 -68 0
-60 -74 98 0
-32 -35 -67 0
-2 -21 -34 0
10 -51 73 0
-38 64 72 0
-2 -14 55 0
-48 -75 82 0
49 -65 -91 0
-25 -43 67 0
-10 28 52 0
-45 83 87 0
20 71 -75 0
45 -82 -98 0
40 55 83 0
-4 10 12 0
-30 96 98 0
43 -51 -67 0
-67 -81 -88 0
17 24 -77 0
-7 -15 72 0
7 51 71 0
4 -53 78 0
-15 -72 -74 0
-33 -39 63 0
22 -56 94 0
-17 -66 83 0
-57 86 -92 0
-49 -58 73 0
9 59 95 0
-13 51 68 0
-54 74 86 0
25 42 -85 0
23 -81 -98 0
3 17 -22 0
6 -10 -26 0
-19 -42 82 0
-68 -81 83 0
9 23 38 0
51 -52 -99 0
36 75 89 0
31 82 -98 0
35 42 64 0
-3 33 47 0
-27 29 84 0
10 -40 -60 0
49 -87 99 0
16 -29 -75 0
12 -22 -90 0
-7 -8 -24 0
21 -44 63 0
2 12 -37 0
-59 61 75 0
11 80 83 0
31 -90 -100 0
-45 68 100 0
12 -18 -82 0
12 -70 100 0
-17 22 -61 0
-2 8 17 0
33 38 49 0
-48 65 -69 0
8 20 43 0
31 55 -69 0
6 -50 90 0
19 87 96 0
-64 -84 -87 0
29 -76 -96 0
12 41 68 0
1 -74 88 0
-10 -83 -97 0
42 62 -63 0
-7 -39 -45 0
52 -67 -95 0
-11 -23 -75 0
-43 -72 73 0
-18 -38 64 0
-25 64 84 0
37 -89 -97 0
-18 37 91 0
6 35 72 0
-11 14 -98 0
-31 49 -65 0
-10 -23 25 0
20 32 38 0
-40 -42 55 0
21 69 -89 0
-17 -49 -58 0
-3 57 -58 0
-22 56 87 0
-46 -73 -81 0
-16 -21 -85 0
63 64 -89 0
-14 19 66 0
32 -37 82 0
31 -84 85 0
-3 -46 95 0
34 39 60 0
25 49 -97 0
23 46 89 0
14 -89 92 0
2 83 87 0
-18 -65 99 0
-7 54 96 0
-24 44 84 0
31 -44 -87 0
-6 -21 30 0
-1 31 57 0
7 -10 78 0
4 -14 77 0
47 75 100 0
67 96 -100 0
-38 66 83 0
-61 72 80 0
20 -44 -83 0
7 66 -72 0
56 62 80 0
57 -72 -82 0
-60 -80 100 0
92 -93 100 0
-9 30 68 0
-21 35 -50 0
-24 28 -96 0
-7 43 70 0
-8 -14 -49 0
52 90 96 0
-16 -24 40 0
-15 55 76 0
36 70 -84 0
44 -87 94 0
20 -42 94 0
-5 24 94 0
-3 77 94 0
35 -36 88 0
-25 53 67 0
6 -16 -28 0
-3 -48 -93 0
30 -46 -49 0
-7 41 -75 0
52 -67 78 0
-12 23 -44 0
38 -67 89 0
-1 34 82 0
32 -78 85 0
-1 -33 -87 0
35 75 -99 0
-9 42 65 0
-29 -39 -97 0
-2 -4 -32 0
43 -76 -84 0
-11 12 52 0
58 69 94 0
8 -41 -92 0
-28 40 57 0
76 -84 -97 0
-9 -60 98 0
-18 62 -66 0
13 30 92 0
8 -20 -80 0
61 -77 -88 0
12 54 -76 0
34 -53 -73 0
4 55 -83 0
-52 53 -91 0
6 11 39 0
4 -12 -63 0
-46 -69 78 0
-52 -66 75 0
-32 58 -82 0
-36 73 97 0
-55 67 84 0
5 -54 87 0
46 68 100 0
36 -48 -62 0
13 20 -30 0
34 -65 73 0
34 -38 -45 0
29 44 81 0
19 42 -44 0
-6 -48 -85 0
-8 24 -44 0
41 -61 73 0
3 -80 -81 0
15 34 69 0
3 26 -65 0
53 71 -75 0
-18 40 90 0
73 79 92 0
-5 19 -57 0
32 -68 88 0
-46 87 -90 0
-2 -22 -70 0
22 30 -58 0
45 -49 -98 0
56 -71 -78 0
-66 -75 76 0
-1 23 57 0
36 -68 -96 0
16 20 -75 0
-33 -49 -94 0
-64 -72 -85 0
-75 96 97 0
-8 31 -94 0
8 31 -88 0
22 72 -77 0
-10 13 -42 0
49 -51 -81 0
-25 75 -100 0
-25 -61 89 0
33 83 98 0
4 88 -98 0
-24 37 -87 0
21 -79 86 0
-2 3 44 0
40 -53 78 0
18 -32 -91 0
9 -42 84 0
28 30 -57 0
14 -26 -77 0
24 82 88 0
-16 -22 85 0
-58 -74 -95 0
-18 -36 -94 0
52 58 -90 0
15 21 -83 0
-38 41 93 0
-2 -36 94 0
21 85 89 0
18 -41 78 0
4 -9 59 0
-12 -43 79 0
-16 47 88 0
13 27 72 0
-3 -78 -79 0
5 43 75 0
-24 77 84 0
-19 -28 67 0
31 45 -92 0
2 47 76 0
14 22 -43 0
-19 -62 64 0
-34 61 -90 0
-57 75 -99 0
-37 64 -67 0
-41 -60 70 0
-15 -69 -79 0
4 -36 -96 0
-8 -40 43 0
23 31 -91 0
37 39 87 0
-2 -41 -66 0
15 -22 -36 0
-1 15 52 0
-54 73 -78 0
32 35 78 0
57 74 -77 0
-33 36 -91 0
8 73 -86 0
8 -71 96 0
-52 -67 92 0
52 -65 76 0
28 -32 -45 0
4 -23 70 0
4 -10 -40 0
-5 -29 -93 0
23 41 57 0
-40 -45 -53 0
-13 -39 77 0
17 -47 61 0
-49 -61 -74 0
-10 44 92 0
25 -53 -73 0
-66 -73 84 0
-20 -57 84 0
-28 33 37 0
-7 -18 47 0
-3 13 -59 0
-16 -27 46 0
12 16 84 0
-9 -14 -45 0
-22 -38 54 0
30 62 80 0
35 43 68 0
37 -41 85 0
-8 -70 84 0
66 74 95 0
1 2 -84 0
16 22 -30 0
-18 21 24 0
-12 -62 -66 0
26 50 53 0
12 -19 87 0
18 24 90 0
38 53 -63 0
22 -58 -95 0
-17 23 90 0
10 -40 44 0
33 46 -86 0
19 -44 -74 0
4 20 89 0
-7 -67 96 0
-24 -42 95 0
-35 87 -91 0
25 -35 66 0
1 37 -100 0
-35 -63 -77 0
10 16 -67 0
-20 39 -50 0
5 42 87 0
14 -70 -85 0
22 -54 72 0
-35 -85 96 0
-15 -88 96 0
-1 34 82 0
-21 45 -100 0
39 71 -85 0
-10 35 -59 0
-25 -37 79 0
-6 13 -83 0
-72 -92 99 0
-29 -40 -68 0
14 -59 -68 0
-19 40 -42 0
-75 -91 96 0
-57 65 -83 0
-13 61 68 0
1 -52 58 0
11 -20 -70 0
-45 60 93 0
-7 -45 -85 0
-18 26 65 0
37 -49 82 0
-25 -51 67 0
49 -54 68 0
-10 -19 73 0
-72 -77 -94 0
29 31 95 0
10 -17 -100 0
-41 76 -91 0
37 -38 41 0
12 26 -36 0
-46 56 -73 0
19 35 -73 0
-17 18 -89 0
-2 -28 69 0
-38 56 81 0
-65 -83 -86 0
-31 -44 52 0
-20 -46 -52 0
-9 -14 -56 0
5 -83 -93 0
49 -73 95 0
73 -74 -100 0
34 -54 -100 0
-22 64 -100 0
-51 60 -93 0
-34 -61 64 0
3 -34 -83 0
40 69 -94 0
-2 16 21 0
3 9 48 0
11 -37 51 0
-12 32 -88 0
-60 -68 -78 0
19 -38 64 0
16 41 100 0
42 -77 -98 0
-60 -85 87 0
39 56 -70 0
-15 -49 92 0
22 -41 65 0
40 -77 90 0
10 -30 -95 0
29 32 -99 0
19 41 88 0
-48 -71 -97 0
-19 32 95 0
-18 19 -74 0
17 -28 99 0
-65 70 93 0
-8 -17 55 0
-12 -13 -76 0
-17 -42 49 0
-63 -97 99 0
49 68 -74 0
63 -65 68 0
-18 -21 45 0
-14 40 -72 0
-9 36 -80 0
-42 63 97 0
-2 24 78 0
-34 75 96 0
-13 -18 -29 0
-4 88 90 0
-3 -12 91 0
70 -80 85 0
-18 28 -100 0
27 28 52 0
-17 -34 -71 0
10 -29 -78 0
64 75 -87 0
-29 36 -49 0
40 59 -92 0
5 11 45 0
-27 51 -62 0
3 70 -80 0
-28 55 82 0
37 -81 -93 0
-14 20 31 0
35 -46 90 0
3 -9 -61 0
19 43 -98 0
29 74 78 0
3 79 -99 0
17 -45 -56 0
39 89 100 0
-10 -59 86 0
27 33 34 0
-19 54 -73 0
-35 60 98 0
-17 -43 73 0
-3 -14 -42 0
-33 -47 -76 0
-22 56 59 0
-14 -31 -38 0
-3 19 -71 0
21 -28 -39 0
26 46 59 0
-22 50 77 0
-55 60 -65 0
-33 -48 -55 0
-45 -57 -98 0
-13 31 79 0
28 -83 93 0
-1 17 53 0
-7 -59 -88 0
24 -43 -45 0
-12 -37 98 0
15 -68 -79 0
-17 -55 -69 0
13 -15 -97 0
42 -55 -73 0
-57 65 78 0
-28 54 87 0
-27 66 87 0
74 96 99 0
5 38 -90 0
42 -54 -61 0
-31 -50 -100 0
-21 24 -38 0
21 71 -88 0
-16 19 75 0
47 96 97 0
74 -83 -86 0
40 66 67 0