p cnf 150 720
21 32 -37 0
-9 -22 32 0
36 96 136 0
-106 -114 150 0
82 118 137 0
-125 131 -139 0
-81 -96 -118 0
-33 -36 100 0
-15 -33 45 0
9 -14 108 0
-19 64 119 0
-31 -46 -127 0
-12 -40 97 0
-86 112 -116 0
-112 -113 114 0
-57 59 -134 0
24 -46 144 0
-36 109 118 0
40 -58 125 0
107 -108 138 0
-44 97 -128 0
-70 75 -141 0
-58 -105 -126 0
40 -47 -78 0
119 130 -149 0
-34 -52 71 0
52 -87 135 0
9 -16 23 0
12 -101 146 0
37 136 -143 0
-54 66 131 0
2 -75 -138 0
8 -32 -87 0
-14 18 94 0
6 -67 113 0
-7 -65 -98 0
3 80 103 0
-12 48 -92 0
-20 70 89 0
86 91 -121 0
13 -63 139 0
-18 23 -140 0
2 -6 126 0
-49 74 -104 0
-46 -112 -135 0
60 72 84 0
36 53 -64 0
-35 -78 136 0
-55 -117 -134 0
-60 131 -150 0
-12 40 -77 0
-54 124 133 0
-44 -52 -71 0
70 -77 125 0
17 34 -97 0
-3 -98 -133 0
16 -67 -125 0
-51 -72 84 0
-4 -62 101 0
-17 -26 98 0
13 65 -145 0
-31 -94 133 0
-58 -60 113 0
-71 -75 -131 0
9 -28 150 0
130 134 -137 0
-56 -63 88 0
-22 -33 -56 0
19 -66 -70 0
-85 -89 93 0
-54 94 100 0
55 -77 -123 0
103 -123 -137 0
52 115 123 0
-3 -26 -37 0
62 -65 106 0
-2 -65 125 0
6 -94 -146 0
30 44 -101 0
27 108 123 0
-46 -51 115 0
-34 -117 -125 0
-72 -77 -146 0
6 11 36 0
31 59 69 0
-1 -41 -73 0
-10 -101 107 0
33 85 -129 0
59 -93 109 0
17 -21 103 0
20 -76 90 0
4 -9 -127 0
22 71 98 0
-46 86 136 0
19 50 -141 0
86 -132 140 0
-14 31 -102 0
-6 -44 -59 0
68 -104 -130 0
9 -11 -60 0
-4 60 95 0
-39 -81 147 0
-98 -102 121 0
8 -73 79 0
-70 -75 -99 0
-27 66 -120 0
-33 -135 -141 0
6 21 -64 0
21 -101 148 0
5 58 -125 0
-32 -102 119 0
-44 108 126 0
41 -65 -107 0
18 88 137 0
-2 16 33 0
-1 -49 144 0
-79 107 -118 0
45 -66 115 0
-77 -139 -143 0
54 -69 73 0
91 -124 -146 0
-19 68 101 0
12 39 -102 0
-56 60 -128 0
-29 -36 -62 0
33 -99 146 0
-64 -95 122 0
1 27 127 0
-27 114 132 0
-14 63 134 0
68 -73 -81 0
-31 41 111 0
-84 126 -133 0
-97 108 -134 0
92 -111 139 0
15 -47 70 0
-25 71 116 0
-5 27 -53 0
38 74 -121 0
-42 -74 -77 0
8 32 -67 0
-1 -80 -117 0
-16 -56 88 0
19 -39 142 0
-14 -82 150 0
-14 -45 -97 0
33 -38 50 0
6 -90 92 0
15 -16 -67 0
-14 -20 143 0
37 -87 -91 0
35 -46 -115 0
20 -75 -147 0
4 96 113 0
-45 -48 -90 0
33 -37 141 0
95 124 -131 0
-9 -72 -115 0
-21 -74 95 0
55 76 -109 0
42 55 99 0
-41 110 142 0
-132 -139 142 0
62 87 115 0
24 -36 67 0
111 -116 126 0
-49 110 127 0
-35 -142 150 0
55 -82 -110 0
-2 -104 105 0
-10 61 85 0
-1 13 -137 0
-95 120 121 0
73 92 -107 0
26 -37 62 0
-41 -46 -109 0
51 99 -105 0
-14 51 -69 0
-11 -33 -61 0
-49 93 146 0
-71 82 112 0
-16 -48 83 0
-20 -53 -79 0
-4 9 -81 0
-71 86 138 0
11 -52 123 0
-7 89 109 0
-32 51 -118 0
-101 -116 -127 0
-58 107 -130 0
64 -65 70 0
-92 -110 -141 0
-55 -75 -150 0
-4 -24 -143 0
-48 82 94 0
16 38 40 0
-48 98 129 0
22 57 141 0
-106 -124 -134 0
5 48 97 0
82 86 140 0
28 36 -58 0
-66 -77 87 0
35 -47 -99 0
23 53 106 0
43 -60 -82 0
26 -70 -106 0
25 -77 -102 0
14 -60 103 0
-55 62 -138 0
2 40 -75 0
-60 -61 85 0
95 123 144 0
-41 -118 -149 0
69 71 -90 0
-2 -13 -83 0
16 86 94 0
-103 -117 146 0
5 21 95 0
40 -74 150 0
-115 133 141 0
-37 -89 -126 0
34 -36 80 0
-6 -125 137 0
-24 -102 -114 0
-74 82 129 0
-4 -81 141 0
-4 98 -133 0
-11 -55 -83 0
-102 -105 147 0
1 -20 -100 0
10 31 -88 0
-13 113 127 0
-5 -109 133 0
53 -60 -76 0
-3 22 -69 0
41 72 80 0
43 -52 -74 0
48 -75 -109 0
-15 -26 -91 0
-13 116 -121 0
-4 -100 146 0
25 -86 -139 0
2 110 123 0
15 23 68 0
33 38 -41 0
40 64 129 0
-5 -34 -87 0
1 69 81 0
-2 120 122 0
-37 -90 -128 0
-36 68 131 0
-22 -89 -126 0
50 -94 -101 0
-14 132 -138 0
33 -43 -112 0
-15 -106 -142 0
-29 -91 -148 0
-20 46 84 0
8 -95 -147 0
-67 80 83 0
-25 81 127 0
-8 -74 118 0
-32 -34 -46 0
6 -43 89 0
-107 -143 147 0
2 99 -126 0
-4 -9 -56 0
6 -35 66 0
26 32 79 0
15 -38 49 0
89 -90 -97 0
9 -40 130 0
-9 -51 104 0
34 -50 106 0
22 -63 136 0
-4 5 -99 0
11 117 135 0
-53 -88 143 0
20 72 109 0
35 -126 143 0
28 -41 -85 0
-30 81 137 0
-36 47 92 0
-32 68 -93 0
-29 43 128 0
-3 97 -150 0
-56 -60 -87 0
-17 48 -136 0
-24 124 -125 0
30 -51 -99 0
-3 18 -31 0
-28 131 -149 0
-49 -74 -112 0
45 -80 -95 0
-49 77 113 0
-39 -48 143 0
-72 -115 -122 0
52 71 -140 0
31 39 98 0
50 -96 -116 0
-51 91 -143 0
-44 -107 140 0
9 52 -70 0
-87 115 -144 0
72 113 -124 0
-3 -80 91 0
-84 104 138 0
9 84 -87 0
1 -48 -147 0
-5 -90 -104 0
59 108 -148 0
44 103 134 0
-44 -108 -135 0
21 94 -148 0
4 34 67 0
11 69 -83 0
-4 11 18 0
46 -84 -119 0
73 122 -140 0
7 21 -47 0
-56 -124 -126 0
-73 86 -89 0
17 44 52 0
83 95 -131 0
6 52 -66 0
-5 69 -117 0
-64 -80 90 0
-68 83 119 0
39 55 74 0
19 -77 -86 0
-15 24 104 0
57 130 -147 0
-44 -78 -149 0
-82 120 124 0
14 -50 119 0
-108 125 -149 0
63 122 -142 0
17 29 -38 0
33 -144 145 0
58 60 91 0
-2 103 -117 0
-25 -52 87 0
16 -75 -81 0
-73 88 108 0
-101 108 -134 0
-30 -120 129 0
-24 103 -125 0
6 -17 83 0
52 -108 -140 0
-37 67 -113 0
91 -108 -144 0
-27 36 -107 0
43 -54 108 0
-28 63 -80 0
25 89 -133 0
-36 -88 -112 0
-5 -57 -103 0
-83 103 -118 0
-51 110 -120 0
11 90 -129 0
21 36 112 0
-55 107 -129 0
-3 -79 -97 0
-31 -39 -82 0
15 -46 -55 0
9 -12 20 0
70 104 126 0
-39 -50 75 0
-17 51 132 0
16 -41 -118 0
19 -24 72 0
16 -86 -130 0
-28 -54 -101 0
9 50 -91 0
47 -48 -146 0
46 52 94 0
67 -78 -127 0
-32 -57 -144 0
2 -129 140 0
-2 31 57 0
-39 -57 137 0
53 -57 136 0
1 6 114 0
-41 -57 -104 0
-50 -67 91 0
33 39 -121 0
-21 37 -139 0
-47 -79 131 0
35 -42 -110 0
62 78 -109 0
6 -12 142 0
24 -28 56 0
-66 -130 -138 0
-27 92 122 0
-35 -49 -50 0
-20 40 95 0
8 -78 114 0
-102 106 -119 0
-26 64 -99 0
98 -103 147 0
-81 -90 -131 0
-33 -41 127 0
-47 57 -68 0
-4 -90 -92 0
-50 88 -93 0
33 -72 -97 0
-10 -91 -128 0
17 -35 -66 0
19 32 -119 0
16 46 91 0
-46 83 139 0
45 -136 -142 0
-16 64 -117 0
-79 -129 130 0
-7 94 97 0
75 110 138 0
8 -52 89 0
-2 -17 110 0
5 -44 -62 0
33 -123 140 0
-17 -84 -113 0
-48 -110 119 0
-29 113 130 0
12 13 -129 0
72 -73 80 0
-36 -107 -123 0
-55 -71 -109 0
15 -55 -146 0
66 68 86 0
26 128 -131 0
-73 121 -122 0
-15 89 -104 0
12 39 -64 0
-30 -149 -150 0
-77 91 110 0
49 102 -138 0
-48 -52 -113 0
-103 -112 -128 0
-1 -34 93 0
-46 -60 102 0
19 -89 -115 0
62 -132 146 0
25 -98 142 0
-21 56 -88 0
45 117 148 0
-20 -59 142 0
27 -82 96 0
-22 35 -127 0
-28 -89 -145 0
30 -40 42 0
-8 61 -97 0
-17 20 40 0
-23 69 -145 0
61 115 -135 0
-13 -45 -84 0
31 -83 88 0
71 -134 138 0
9 29 -105 0
18 126 147 0
47 -97 128 0
-70 80 -89 0
-96 98 104 0
125 -128 -135 0
11 64 -146 0
20 41 -94 0
-5 -49 123 0
6 17 -68 0
-60 -73 -81 0
27 80 115 0
60 -120 -130 0
72 76 -124 0
-16 -56 -105 0
-73 -104 -119 0
2 122 124 0
10 129 -133 0
10 37 39 0
-30 -82 -136 0
-10 -14 27 0
4 33 89 0
92 115 -140 0
6 -102 -122 0
23 68 70 0
91 -110 -119 0
20 114 129 0
-19 81 -131 0
77 -85 128 0
12 -96 109 0
17 -29 -145 0
61 -81 103 0
69 104 105 0
12 -30 60 0
25 39 -69 0
70 85 113 0
43 46 127 0
46 -52 95 0
23 -61 -120 0
-47 -70 -84 0
2 -9 48 0
21 134 -150 0
-38 -52 104 0
74 -98 -124 0
-3 80 -115 0
-14 34 -135 0
30 -66 81 0
13 -27 -99 0
-15 85 -148 0
-39 73 118 0
4 54 -132 0
-45 85 -102 0
8 12 -76 0
-42 66 88 0
-7 -124 146 0
58 -72 -141 0
53 -69 108 0
26 -63 -64 0
72 -101 -118 0
23 -84 -140 0
59 -67 145 0
14 66 68 0
-50 -74 -76 0
-44 58 -107 0
-40 -125 140 0
-9 -14 32 0
17 -110 143 0
-16 -47 145 0
29 -76 -150 0
30 -126 -140 0
-2 -55 69 0
93 117 133 0
-30 88 -93 0
-85 109 -141 0
-47 -94 113 0
42 132 -141 0
17 -87 -135 0
-52 80 -128 0
53 -61 64 0
1 -22 104 0
36 -44 103 0
-8 -68 88 0
54 94 103 0
-101 -135 137 0
-27 -55 134 0
26 -70 -103 0
37 -138 142 0
6 -17 -50 0
-74 75 -130 0
-21 -27 -136 0
-67 87 -120 0
14 -52 118 0
-24 -64 103 0
42 -69 126 0
-21 -114 149 0
10 -81 -113 0
102 -110 -136 0
79 -104 112 0
-62 108 -113 0
-7 -17 -78 0
-11 25 -110 0
-14 28 -128 0
20 -27 135 0
-46 73 -135 0
-53 60 87 0
-3 -45 75 0
-87 110 -132 0
-55 112 134 0
-12 69 -96 0
-87 93 -99 0
49 83 -116 0
-52 -112 129 0
1 -12 -124 0
-36 83 88 0
45 -87 -90 0
32 -69 -85 0
108 128 143 0
-13 -58 67 0
-1 -36 -123 0
-21 119 -141 0
57 -63 113 0
-63 -92 107 0
-27 83 -113 0
11 120 -147 0
-48 -113 126 0
15 -40 48 0
30 60 112 0
-73 75 96 0
79 107 -147 0
61 -134 -135 0
75 -82 150 0
18 -87 94 0
-5 -75 93 0
-39 -53 70 0
11 -71 -101 0
-9 111 127 0
-29 121 126 0
40 99 -141 0
15 -22 -55 0
42 -44 -108 0
52 104 -149 0
17 -120 145 0
9 -73 82 0
26 107 -126 0
60 61 143 0
-15 20 136 0
14 -95 123 0
-70 -97 141 0
-13 -35 -146 0
9 -11 91 0
-51 81 125 0
-57 -63 125 0
27 111 -133 0
-19 39 -44 0
81 120 145 0
-71 112 146 0
-12 -90 -134 0
35 -91 95 0
-10 64 -145 0
-88 107 -125 0
60 -99 105 0
-32 133 -138 0
27 -30 33 0
38 60 -83 0
-33 58 -139 0
14 104 142 0
42 50 -136 0
-42 -59 -125 0
-12 -73 101 0
4 -46 140 0
38 87 90 0
17 50 82 0
25 -141 148 0
-9 59 132 0
-22 -89 126 0
49 -58 136 0
-44 88 114 0
13 -56 -82 0
43 76 134 0
29 -42 -131 0
48 -55 -60 0
-32 52 54 0
-61 79 -81 0
-12 -14 -60 0
-15 124 -146 0
33 -52 -93 0
66 83 90 0
-2 -61 124 0
-63 -94 -143 0
-8 40 -127 0
-24 -75 -149 0
-20 -44 -132 0
-16 25 -26 0
67 113 -137 0
85 -122 -123 0
-24 -48 -87 0
-75 78 122 0
-11 92 -125 0
5 14 -147 0
51 104 -110 0
-27 117 -149 0
-10 90 -112 0
-4 88 -125 0
-9 -76 98 0
-43 -138 -144 0
-16 27 77 0
-87 98 -125 0
73 -105 -148 0
36 -77 -145 0
-29 69 -112 0
-15 89 148 0
3 38 -150 0
-67 -141 142 0
87 135 -146 0
24 -50 59 0
40 -118 146 0
-8 -12 -124 0
-41 -46 -53 0
-15 -112 147 0
7 -68 -115 0
110 115 126 0
-51 -55 102 0
-58 70 -133 0
14 44 -80 0
74 -75 87 0
33 144 -149 0
-20 -78 102 0
-19 38 -99 0
31 -143 -146 0
60 -84 -140 0
-72 84 -85 0
-9 87 140 0
11 47 64 0
25 73 122 0
-21 -30 40 0
35 -40 90 0
-15 -35 -118 0
55 -83 105 0
23 58 110 0
49 -78 -80 0
23 -71 101 0
-47 87 -90 0
-15 66 -134 0
13 15 58 0
90 110 119 0
-97 -115 134 0
-2 -129 142 0
-14 32 -46 0
-16 -21 -91 0
90 131 134 0
16 52 131 0
-61 70 108 0
-40 126 145 0
22 -33 -128 0
-32 56 123 0
-95 100 109 0
-10 77 106 0
-24 -52 -108 0
-70 -99 119 0
-52 -131 139 0
-7 101 103 0
85 87 150 0