p cnf 150 450
-34 38 -104 0
70 -112 -137 0
39 -91 139 0
-15 99 123 0
-60 87 148 0
9 -45 126 0
-15 -29 118 0
14 -68 79 0
-51 -59 -95 0
-16 -74 108 0
-43 -133 -138 0
16 -76 -138 0
-16 -97 139 0
-28 -31 102 0
-25 115 -121 0
106 -109 118 0
-1 -128 -139 0
60 83 87 0
-10 -42 -107 0
35 -78 94 0
-87 103 129 0
49 -115 139 0
-62 94 -106 0
1 15 68 0
76 -87 142 0
-16 25 -75 0
16 43 -80 0
-34 56 -87 0
55 89 106 0
-4 16 -119 0
-13 73 -135 0
-14 40 -75 0
52 53 -124 0
-61 87 -129 0
-23 50 57 0
9 -76 107 0
17 90 146 0
-14 -16 40 0
-32 147 -148 0
28 64 -112 0
5 -38 139 0
-22 -29 116 0
-9 -16 87 0
-21 -79 -97 0
-33 102 109 0
-7 44 -54 0
64 76 -121 0
20 61 64 0
112 -122 133 0
20 31 -103 0
-46 116 142 0
21 -104 116 0
26 -62 137 0
48 130 140 0
7 127 146 0
3 -37 119 0
2 35 -92 0
79 -106 118 0
7 -39 -40 0
-79 -90 92 0
105 113 124 0
-46 -63 -85 0
-16 33 -49 0
-40 -115 144 0
-31 64 139 0
10 -11 -90 0
-16 25 -72 0
-17 -61 132 0
88 -107 -145 0
65 101 -135 0
-89 144 150 0
-9 -62 132 0
-52 82 -107 0
92 108 133 0
-18 122 -128 0
-33 45 -121 0
-78 85 134 0
20 -106 -146 0
78 -102 -127 0
-73 -75 99 0
-45 60 99 0
-84 124 140 0
51 101 102 0
81 -101 -149 0
45 -95 -149 0
42 72 78 0
66 -108 147 0
63 -96 -146 0
-96 -115 127 0
71 93 123 0
-69 130 134 0
24 55 121 0
38 -87 134 0
-66 -91 142 0
33 -70 -100 0
-13 88 -142 0
5 -54 149 0
28 -44 58 0
-48 51 -61 0
67 -86 93 0
95 -127 129 0
-42 83 -146 0
98 -104 -105 0
40 75 -131 0
-53 -132 137 0
-27 -105 133 0
1 7 38 0
-5 76 147 0
10 41 75 0
61 -72 -93 0
71 -95 148 0
86 -88 102 0
-26 -61 -115 0
2 -60 121 0
4 -19 -136 0
43 -84 -133 0
-16 -24 30 0
-21 -46 102 0
20 -29 121 0
33 77 -93 0
56 -91 101 0
10 83 -105 0
-3 65 -69 0
1 -54 -106 0
-9 -118 -141 0
29 -89 -108 0
-13 92 101 0
-22 41 -146 0
20 -110 115 0
-38 -49 110 0
78 -85 -131 0
12 -126 139 0
1 14 78 0
-112 -121 138 0
-77 84 113 0
-65 -75 -122 0
-7 14 47 0
-86 109 137 0
-5 91 -123 0
7 11 -132 0
26 -108 -149 0
106 139 141 0
-113 -115 148 0
-59 -67 -74 0
47 -59 -141 0
-8 94 131 0
-15 -28 66 0
45 60 -147 0
-34 42 104 0
16 25 37 0
-12 -72 -145 0
-9 -94 -129 0
-20 63 -64 0
-1 18 -125 0
-8 38 -143 0
12 -32 -89 0
78 -79 -98 0
45 -55 -103 0
-37 -68 116 0
-53 -75 132 0
1 -52 -114 0
-1 95 126 0
-42 -64 98 0
44 -51 -136 0
-16 -93 137 0
-36 -65 100 0
69 -95 -136 0
18 66 -102 0
18 -28 -98 0
-9 -76 -147 0
16 38 -47 0
-74 -102 -107 0
-19 83 133 0
-49 -65 104 0
-19 -94 -121 0
-16 -72 104 0
12 -50 137 0
20 57 -123 0
-50 79 -115 0
-6 -50 -143 0
-26 33 -78 0
-64 65 134 0
-28 75 129 0
41 54 -114 0
39 57 -93 0
11 -28 -117 0
-17 -55 142 0
113 -129 -144 0
-86 -91 -100 0
-32 -58 76 0
78 83 148 0
28 88 111 0
86 -111 -132 0
-14 63 130 0
112 -114 148 0
-74 80 -115 0
7 -32 -46 0
-20 -23 -42 0
8 -71 107 0
-11 -62 -92 0
-1 95 144 0
-3 -58 130 0
43 -124 137 0
88 122 -144 0
-65 124 128 0
12 -54 -136 0
-17 -63 138 0
-84 85 135 0
43 -45 150 0
-77 -138 -141 0
-50 87 97 0
117 132 139 0
-8 -108 -122 0
-76 109 112 0
12 69 -87 0
18 -37 -87 0
-47 -128 139 0
6 -71 -88 0
23 44 46 0
73 101 -135 0
37 57 -112 0
93 -104 122 0
17 -29 94 0
62 63 123 0
-35 52 -113 0
36 -68 74 0
-38 -42 113 0
-16 23 -93 0
37 94 -96 0
-67 -78 -119 0
-10 -11 148 0
-23 44 117 0
4 -54 101 0
78 -93 127 0
88 138 142 0
-8 46 -121 0
-9 88 -133 0
-13 -32 78 0
-77 -101 -120 0
-22 39 -117 0
46 -100 120 0
45 -71 -102 0
22 29 94 0
20 -76 77 0
100 108 149 0
1 8 -54 0
82 -118 -148 0
-6 -39 -77 0
-33 -107 129 0
-21 76 138 0
47 79 90 0
17 -94 146 0
-91 98 -132 0
-10 -18 -55 0
-76 -117 125 0
2 -23 27 0
20 42 -77 0
51 -55 117 0
-8 -80 112 0
9 48 69 0
-48 -62 -64 0
26 60 -127 0
-24 -45 -140 0
-22 24 -67 0
8 -33 72 0
25 80 144 0
58 -86 111 0
11 -70 -92 0
-36 -68 105 0
-9 -120 149 0
-122 125 142 0
41 -86 -90 0
-82 -127 146 0
-17 -27 47 0
-34 52 131 0
-115 116 -119 0
52 101 -148 0
46 120 -131 0
42 55 -59 0
95 132 149 0
10 114 139 0
-60 -83 -84 0
28 -78 108 0
58 97 -117 0
-109 126 128 0
54 -107 108 0
87 92 138 0
7 -14 -60 0
-90 99 138 0
-68 84 125 0
-14 38 -101 0
-39 42 -47 0
-49 61 100 0
-103 131 149 0
-92 -104 -106 0
-17 -118 -149 0
-4 -80 -105 0
6 -111 117 0
-15 -19 121 0
26 35 70 0
-23 124 -139 0
15 63 111 0
-11 -64 94 0
-16 -93 -114 0
-55 80 -119 0
-53 83 128 0
6 66 -80 0
62 108 -122 0
-21 27 52 0
17 -42 53 0
-28 56 108 0
33 -102 -109 0
51 -52 64 0
80 122 123 0
30 135 -147 0
46 131 148 0
-93 -99 -133 0
-31 -76 -109 0
73 80 -109 0
-18 -41 107 0
8 42 -135 0
6 107 145 0
-4 -74 -127 0
15 -34 -96 0
-19 95 -104 0
14 -35 39 0
19 -42 -48 0
-57 70 -133 0
19 -49 113 0
1 55 -125 0
-25 95 97 0
-88 -99 -128 0
-72 122 131 0
20 -48 -120 0
-13 -52 114 0
-98 -132 -136 0
20 -28 112 0
-24 58 -79 0
-63 -107 125 0
1 -18 44 0
-22 96 -146 0
1 41 116 0
-1 -94 118 0
-53 -70 116 0
-31 -113 -120 0
-15 -47 141 0
6 89 149 0
-13 53 -143 0
112 134 147 0
25 38 -142 0
43 72 -139 0
40 -106 -146 0
72 104 -116 0
-34 -62 -133 0
-23 -121 127 0
-10 -23 -82 0
-73 -91 107 0
-7 14 -55 0
-48 96 140 0
-1 -11 -144 0
-66 -99 -145 0
-20 -122 -150 0
-13 -48 90 0
-16 36 94 0
4 -68 -73 0
-2 94 137 0
107 122 124 0
132 -146 -149 0
-36 120 139 0
-25 -39 -101 0
9 -67 115 0
-34 50 -111 0
40 -141 -142 0
44 60 -106 0
66 79 141 0
3 -12 35 0
53 -62 -86 0
-63 -119 123 0
-58 73 -150 0
-28 83 -100 0
2 115 -136 0
5 94 -147 0
20 -95 104 0
46 -78 92 0
-15 -85 136 0
42 -112 139 0
12 -32 -149 0
7 38 69 0
7 -23 -73 0
-25 71 -86 0
5 -131 -149 0
-13 85 -89 0
55 -63 -93 0
48 -100 114 0
73 -108 114 0
15 80 98 0
20 65 118 0
54 64 -95 0
-94 103 119 0
-59 -126 148 0
12 48 -145 0
-51 -52 77 0
33 129 -147 0
-34 109 -114 0
13 58 -100 0
-18 -79 -90 0
-47 -53 67 0
-18 -82 148 0
12 40 141 0
-72 115 -133 0
62 74 -98 0
-7 -55 -79 0
42 47 109 0
-12 -123 -139 0
-45 -103 -130 0
18 -73 -81 0
-20 -86 107 0
-16 101 -126 0
32 97 -117 0
62 -82 125 0
8 40 102 0
-1 33 -95 0
-31 46 -119 0
15 -72 80 0
89 126 130 0
15 70 -73 0
-53 -105 -108 0
-105 -137 -141 0
-43 97 -130 0
63 106 144 0
21 -37 97 0
-60 89 -144 0
12 39 93 0
-56 -89 136 0
-17 -57 116 0
-11 68 -129 0
-23 -39 79 0
-39 -49 142 0
15 -131 -133 0
-42 53 64 0
50 -92 -103 0
-24 65 74 0
29 -58 -61 0
83 -100 125 0
30 -117 119 0
-5 61 -100 0
-6 94 -113 0
-79 -81 -110 0
37 82 148 0
-98 -115 137 0