p cnf 150 900
-15 108 120 0
-19 -98 112 0
-33 58 112 0
69 102 138 0
104 -109 -147 0
-40 -127 -129 0
30 -47 62 0
58 -108 -149 0
-41 -69 123 0
-38 -40 -102 0
-7 56 -104 0
-25 -72 -99 0
20 58 142 0
-11 131 -146 0
14 -39 96 0
-36 73 -128 0
16 -34 35 0
60 -95 -105 0
-3 -90 93 0
44 -90 -101 0
-46 -114 120 0
-50 108 -141 0
3 -101 122 0
15 -24 64 0
-23 129 146 0
-74 139 -141 0
-40 54 117 0
-107 -111 -150 0
104 113 147 0
11 57 83 0
-61 69 148 0
-53 57 150 0
11 -43 -59 0
-80 -81 -129 0
-8 -33 116 0
6 19 76 0
7 -74 78 0
-50 -58 92 0
51 91 146 0
7 -75 -107 0
-38 -68 -146 0
-75 -102 123 0
47 -115 149 0
-16 113 -148 0
-11 -43 -73 0
129 -147 148 0
38 -98 -124 0
-39 79 149 0
37 43 50 0
-13 -38 -135 0
42 -69 -88 0
-60 -72 97 0
29 94 139 0
-64 -82 85 0
21 29 124 0
-14 -83 147 0
16 30 82 0
-73 107 -145 0
1 -14 -29 0
20 106 108 0
5 31 -78 0
-10 29 77 0
3 8 -143 0
-32 -66 89 0
-16 -25 150 0
16 38 -134 0
3 60 -81 0
106 -114 -122 0
-44 -87 141 0
68 -80 -113 0
-7 60 119 0
11 -12 -53 0
50 62 -66 0
-27 -53 145 0
102 -103 -137 0
-59 -125 -150 0
-13 -96 -125 0
10 -46 76 0
-28 37 67 0
-56 -97 -127 0
-54 -57 76 0
1 34 -113 0
27 129 135 0
49 -60 108 0
1 -82 -89 0
-86 -99 120 0
40 -56 -113 0
67 -83 -101 0
120 134 -142 0
-82 -111 -125 0
23 -36 112 0
25 -111 -119 0
21 -73 95 0
12 25 -77 0
-55 -68 138 0
20 88 150 0
-5 19 108 0
-73 89 104 0
6 -133 -141 0
-43 134 148 0
69 121 -138 0
95 135 -140 0
22 -51 -73 0
16 -31 57 0
6 14 -88 0
-44 77 149 0
-21 -121 -126 0
15 37 -50 0
22 34 84 0
-25 -27 31 0
1 80 109 0
38 -81 133 0
7 -54 114 0
-27 -50 -115 0
-39 -56 128 0
33 85 150 0
-127 132 149 0
4 95 -146 0
38 -67 116 0
-104 -124 -129 0
3 61 63 0
14 -124 -142 0
2 -69 -77 0
-36 98 -101 0
-34 40 -56 0
51 86 141 0
122 142 145 0
-67 74 126 0
96 102 -114 0
-69 -77 -96 0
-5 73 129 0
-68 89 -105 0
63 89 135 0
24 -51 -125 0
5 -24 81 0
7 -102 142 0
5 79 -103 0
-70 75 87 0
3 -72 -87 0
26 28 135 0
-3 28 -54 0
90 117 -122 0
3 40 -121 0
32 40 95 0
-15 -77 -102 0
11 -36 -124 0
-76 -106 126 0
-6 13 42 0
4 -73 -143 0
-34 -39 124 0
-68 -97 123 0
26 73 -129 0
-77 -81 -102 0
-19 -43 -117 0
-47 102 136 0
74 -93 95 0
-36 -78 147 0
57 -78 133 0
-24 64 115 0
96 -113 138 0
-31 -44 105 0
-2 -94 -132 0
-5 79 -85 0
36 106 -125 0
72 88 -94 0
15 92 -99 0
-16 -48 65 0
59 67 -97 0
18 88 116 0
23 67 112 0
-45 -110 120 0
-10 11 -141 0
98 101 -147 0
-31 -73 -110 0
115 116 -150 0
-5 20 23 0
82 -84 116 0
4 -84 -138 0
52 93 125 0
7 -21 -52 0
-3 -54 76 0
6 13 14 0
27 45 -74 0
20 23 -136 0
-38 -49 117 0
-11 -47 -91 0
44 71 -130 0
23 73 -113 0
24 39 -54 0
11 -45 47 0
83 85 -89 0
-57 125 137 0
-85 130 -148 0
-31 96 -127 0
-7 -17 128 0
-67 -101 -114 0
-76 98 141 0
-91 119 140 0
-8 109 -121 0
-7 103 129 0
10 27 -110 0
-28 -43 93 0
-48 70 75 0
38 -111 -127 0
-12 -44 145 0
61 -98 114 0
2 126 -150 0
-27 59 -122 0
29 -47 -63 0
32 66 -136 0
-8 -107 -122 0
25 32 -71 0
31 -70 -113 0
-43 54 114 0
-31 101 -120 0
7 44 -135 0
-2 82 116 0
-2 27 -35 0
-55 -121 130 0
-94 145 146 0
-60 -61 83 0
12 -98 101 0
-6 -129 -138 0
3 -56 133 0
88 -90 -109 0
-64 66 -86 0
47 -66 -135 0
-112 -136 -145 0
-25 -143 -145 0
12 -47 -118 0
-33 73 122 0
85 131 145 0
5 -74 -110 0
21 -110 114 0
-39 -94 146 0
-68 -71 89 0
-15 38 -116 0
-68 -74 -115 0
-60 129 143 0
-4 -18 134 0
30 43 -103 0
-66 -135 143 0
27 77 -86 0
-5 -137 145 0
36 -77 125 0
-18 -106 -117 0
-16 113 150 0
-21 -66 73 0
34 -72 117 0
68 -70 -130 0
-32 86 129 0
63 -93 97 0
15 -79 -132 0
-25 -51 -59 0
-33 66 111 0
48 101 -144 0
56 104 110 0
-10 51 65 0
51 -110 -121 0
-13 -31 68 0
-1 67 104 0
-62 107 -131 0
40 -55 -145 0
-90 -93 -132 0
-72 -105 150 0
49 84 -132 0
85 -124 130 0
-50 52 -65 0
42 -74 94 0
-6 -81 -84 0
11 73 -78 0
-87 125 -132 0
29 -51 -104 0
-13 -117 129 0
-3 -13 21 0
51 124 -140 0
-98 -106 -108 0
27 143 -147 0
-14 41 -84 0
5 83 125 0
-92 121 -123 0
-16 92 145 0
-18 -101 119 0
50 -90 149 0
42 -75 -100 0
-66 73 -78 0
-8 -57 -70 0
34 66 105 0
-8 -46 -69 0
-128 131 138 0
-56 114 123 0
57 110 119 0
-29 72 -127 0
-11 -96 -139 0
16 84 -150 0
-30 -88 115 0
-37 70 84 0
-73 -103 135 0
-11 -17 -120 0
10 22 -84 0
5 -90 101 0
-7 -19 121 0
38 -69 -139 0
-62 -75 -118 0
-2 31 147 0
8 -31 -107 0
64 -73 116 0
-11 92 -138 0
-33 129 -150 0
5 133 -140 0
37 -39 61 0
25 34 107 0
80 -97 -128 0
20 49 79 0
-52 56 -80 0
15 110 119 0
-53 -73 77 0
-11 101 -114 0
28 -111 -119 0
93 -98 139 0
35 68 106 0
4 -81 127 0
21 48 55 0
3 91 117 0
-45 141 -147 0
17 92 -100 0
-2 36 72 0
-12 -72 -127 0
23 41 -48 0
9 24 -116 0
67 117 130 0
17 -78 111 0
-39 -128 -143 0
40 57 147 0
-45 82 -113 0
31 136 -148 0
7 -49 114 0
7 -31 71 0
36 -52 77 0
-67 79 96 0
70 -77 -119 0
-28 -48 72 0
-52 123 -127 0
-41 75 84 0
-108 -113 115 0
6 -125 143 0
-4 -84 -123 0
52 105 -132 0
46 132 -142 0
9 -11 119 0
63 122 -139 0
-32 -108 -117 0
-13 100 142 0
-45 84 106 0
103 -109 116 0
-32 92 -95 0
-1 114 -121 0
50 -69 87 0
28 -45 -95 0
10 -68 -81 0
24 -34 -123 0
96 -113 -142 0
12 114 -142 0
25 88 -127 0
-3 32 93 0
29 -76 -83 0
36 83 -93 0
26 110 -132 0
-115 -141 145 0
-22 122 134 0
-61 104 116 0
-48 -68 145 0
-11 -102 126 0
18 -22 140 0
29 65 115 0
15 -91 -105 0
-25 47 122 0
-14 -122 -130 0
28 -42 140 0
38 -142 146 0
45 -51 -111 0
37 -70 111 0
84 -133 -134 0
-28 51 76 0
-53 -105 130 0
37 -103 142 0
42 128 133 0
-21 -82 117 0
64 83 95 0
-29 -33 -86 0
2 -111 -130 0
15 -26 -63 0
-19 20 -102 0
-40 -52 143 0
9 -68 131 0
29 -101 109 0
-7 50 80 0
-88 -89 -108 0
-18 28 -90 0
17 93 -110 0
68 -110 149 0
37 49 140 0
24 45 -109 0
33 -102 -136 0
2 -112 142 0
44 62 -75 0
36 -44 88 0
86 -118 121 0
-102 107 117 0
-16 -64 -95 0
-2 9 82 0
-30 -36 44 0
-20 -23 109 0
29 -41 -59 0
85 -89 -120 0
43 -68 -144 0
-7 22 -129 0
-4 -28 137 0
-21 67 -146 0
10 -85 -99 0
40 91 137 0
-18 23 28 0
4 -11 -95 0
-35 -49 -77 0
-37 70 -123 0
36 -106 112 0
21 -78 104 0
47 -62 126 0
-30 51 -130 0
-12 -85 -121 0
-72 102 -126 0
12 56 149 0
-36 48 -121 0
-38 59 110 0
-20 -38 -138 0
-11 -69 94 0
3 -52 -64 0
-47 -107 -144 0
-32 -39 44 0
-124 125 -135 0
10 -15 -119 0
-40 -146 148 0
57 83 -98 0
5 -56 146 0
36 38 -137 0
-10 127 -148 0
-4 -55 -110 0
30 66 101 0
5 -28 69 0
-37 -43 -70 0
54 -62 116 0
-34 -46 -78 0
-17 40 -68 0
29 -32 -147 0
8 15 -77 0
35 -74 98 0
11 41 83 0
-14 16 67 0
-52 -87 -101 0
-98 100 122 0
-48 51 98 0
12 83 -140 0
79 -123 -135 0
-6 -81 111 0
29 38 106 0
-13 -32 -124 0
-82 -90 -99 0
58 -79 122 0
48 -115 125 0
94 -107 110 0
-37 112 -148 0
30 42 128 0
6 -85 -139 0
-5 -113 -141 0
-5 -12 -150 0
6 -49 -99 0
13 21 71 0
-25 -135 136 0
109 -119 148 0
23 30 39 0
27 119 -150 0
1 82 104 0
54 68 -85 0
16 20 -124 0
-58 73 -114 0
-83 93 -96 0
54 -82 -145 0
-23 -63 -95 0
46 55 -99 0
-19 33 104 0
18 -64 -101 0
-22 -65 -97 0
-24 -118 -149 0
-34 -120 148 0
-8 71 -105 0
25 -47 -130 0
77 117 -148 0
-96 121 131 0
75 -81 -118 0
41 115 131 0
-10 81 84 0
-53 -55 118 0
-22 -45 136 0
-10 82 147 0
-14 -30 88 0
14 -27 -39 0
-15 71 149 0
82 -115 -121 0
-20 -71 -98 0
44 70 -77 0
32 -33 -143 0
-37 -45 -86 0
21 -57 -100 0
-98 107 -110 0
85 112 -126 0
-51 -59 -95 0
59 -110 117 0
39 -97 125 0
20 68 -113 0
-57 126 128 0
37 64 -123 0
-63 -101 -111 0
-49 -84 131 0
-91 94 95 0
-36 -97 -102 0
-36 -62 -148 0
-22 50 128 0
48 -53 -132 0
-15 23 49 0
-86 -100 104 0
-28 -59 125 0
84 88 145 0
-10 23 -49 0
-13 28 -78 0
20 45 -74 0
-87 -117 -138 0
-11 90 -145 0
-17 -40 -105 0
-26 -75 -137 0
-91 -118 -148 0
-63 -70 96 0
-22 -55 113 0
-14 137 -143 0
-49 -89 129 0
67 -70 148 0
25 -45 -126 0
35 -78 -117 0
37 -80 -132 0
-56 -106 140 0
-31 33 51 0
28 -74 132 0
6 -116 -120 0
-44 116 130 0
10 147 -149 0
-12 46 -101 0
-25 -42 -145 0
25 -57 115 0
-41 64 -110 0
-112 -117 -147 0
-26 48 75 0
37 -74 94 0
-48 74 -77 0
9 -42 -129 0
6 14 130 0
44 105 -147 0
23 121 -126 0
-26 -111 -118 0
-60 -91 -125 0
34 -92 -121 0
-4 -42 -96 0
-2 6 94 0
67 83 -108 0
19 -63 -99 0
-19 97 -102 0
-24 93 107 0
17 44 128 0
-16 24 103 0
46 98 -125 0
-55 62 89 0
93 -99 139 0
-33 93 -125 0
21 58 -144 0
6 -10 -137 0
-30 71 136 0
59 -89 99 0
9 -26 82 0
-88 123 -141 0
-21 -47 -131 0
-19 60 125 0
31 -49 58 0
5 97 139 0
-12 55 136 0
2 -36 -136 0
-9 -18 20 0
-34 -66 -79 0
23 -69 114 0
31 51 113 0
-38 -95 100 0
30 -58 137 0
-65 122 -140 0
85 -89 -132 0
60 -108 -115 0
25 -115 128 0
-5 24 73 0
42 -50 -54 0
-89 114 135 0
64 -103 -134 0
-4 106 -147 0
100 136 140 0
2 60 -67 0
-39 81 -102 0
15 -121 -145 0
-22 -91 95 0
3 -48 82 0
-1 -34 -107 0
-17 60 129 0
-15 112 130 0
-60 79 125 0
39 42 -141 0
-21 66 -134 0
67 78 -120 0
34 39 110 0
7 36 -120 0
6 -8 16 0
61 -120 -133 0
-10 -65 -94 0
14 -63 -145 0
-72 -74 -125 0
11 26 73 0
-58 -100 122 0
-71 -99 144 0
86 -114 121 0
-29 68 140 0
23 86 105 0
-7 -100 149 0
-2 -23 -33 0
9 -30 -70 0
51 -77 90 0
93 99 -108 0
-9 16 -21 0
-62 -89 -130 0
26 35 -121 0
16 -71 -124 0
36 48 -127 0
-32 56 128 0
-40 52 -58 0
5 28 -38 0
-28 56 -124 0
-32 -48 105 0
34 38 120 0
-74 84 -146 0
-81 -89 120 0
72 -131 141 0
-47 -53 102 0
137 138 145 0
31 39 108 0
121 -145 -150 0
84 122 123 0
-69 74 -122 0
-49 127 -143 0
-3 12 112 0
33 70 90 0
-67 -109 127 0
-88 -109 -129 0
2 -6 -27 0
45 64 117 0
51 65 -97 0
12 22 -102 0
7 119 145 0
8 -41 -53 0
13 -69 116 0
-37 96 -111 0
28 -39 135 0
-19 -29 90 0
-4 -23 62 0
89 -144 148 0
-32 50 101 0
25 -28 -87 0
41 -86 -105 0
73 -89 121 0
66 105 -131 0
-54 74 89 0
104 123 -132 0
-2 91 -125 0
19 -48 101 0
-47 -76 135 0
67 -82 85 0
-4 -87 -144 0
-60 -137 146 0
14 -23 -94 0
-6 22 79 0
18 -122 -135 0
33 -108 113 0
-17 -18 34 0
27 42 76 0
40 95 114 0
-20 -82 118 0
-48 -69 -86 0
-12 -37 62 0
-32 35 137 0
-82 83 -84 0
-25 -64 103 0
-40 56 102 0
11 -115 123 0
-14 -15 87 0
13 27 108 0
26 68 -105 0
43 -44 147 0
-11 28 111 0
-35 86 -125 0
30 -50 -56 0
-88 112 -113 0
8 -25 59 0
115 127 -147 0
-61 -68 72 0
40 -67 -91 0
26 -28 70 0
83 92 -93 0
-10 42 -92 0
-28 49 100 0
-25 38 -90 0
63 114 119 0
-87 117 -134 0
12 43 -132 0
-10 -43 -70 0
11 43 -58 0
-51 52 -55 0
-68 76 -109 0
-70 75 110 0
104 -107 118 0
38 -71 -132 0
52 -88 100 0
-66 -128 -137 0
-26 33 -95 0
-67 -98 -111 0
-28 52 94 0
33 66 147 0
41 -81 83 0
63 -71 141 0
-85 101 128 0
-25 -93 149 0
-46 125 144 0
-99 -139 -142 0
-49 -80 108 0
45 -107 137 0
-19 29 -66 0
-90 97 112 0
-39 57 100 0
26 44 -115 0
-58 70 -73 0
-1 -9 -95 0
29 -113 149 0
14 -77 121 0
73 -79 134 0
-21 -122 138 0
-37 56 -66 0
-9 -21 147 0
22 36 -140 0
-69 111 139 0
-42 57 139 0
-65 -82 98 0
-19 73 -84 0
6 63 118 0
70 84 -118 0
115 -142 -144 0
58 -77 78 0
-27 91 -112 0
61 -66 94 0
-103 130 -143 0
14 64 -145 0
1 -34 -43 0
24 -51 -93 0
79 -84 109 0
-10 -60 -63 0
-9 57 -90 0
33 -92 -111 0
1 6 -61 0
6 -30 -52 0
-72 -91 -149 0
59 -83 -92 0
-26 84 -137 0
-68 -109 114 0
45 -50 -92 0
73 -84 -146 0
-23 133 -141 0
100 -112 144 0
60 73 120 0
-10 52 -54 0
52 -132 -138 0
-24 -45 -103 0
-1 -14 -65 0
32 -56 122 0
-61 72 -124 0
-55 -81 -92 0
-66 84 -140 0
65 83 -97 0
26 63 78 0
29 66 -96 0
-33 127 142 0
40 -125 -131 0
-14 31 150 0
-32 -60 121 0
8 -37 -51 0
-29 110 -150 0
-12 61 86 0
73 -77 -116 0
45 -46 124 0
-47 135 -150 0
-61 105 -142 0
37 -51 117 0
-21 -79 86 0
-62 -65 -104 0
-36 50 97 0
-45 -83 140 0
-5 -37 139 0
43 -91 119 0
100 111 129 0
22 59 -91 0
1 -56 139 0
24 -55 -100 0
-67 -76 136 0
19 -111 -115 0
-47 -49 92 0
-66 67 91 0
53 126 133 0
110 -113 -149 0
-42 -85 124 0
-51 62 94 0
18 52 146 0
-24 48 58 0
33 136 -148 0
-37 -46 -112 0
-1 35 -133 0
5 100 101 0
56 118 -146 0
-8 -95 133 0
-73 75 -111 0
-54 -95 127 0
6 -89 -103 0
123 -125 -145 0
-44 64 104 0
108 -121 -129 0
74 -122 137 0
-55 57 -134 0
-53 -84 120 0
-1 -69 -86 0
-42 48 -60 0
41 107 -109 0
-37 71 -135 0
6 -70 -105 0
-13 52 66 0
-57 103 -142 0
137 -138 149 0
-1 -101 116 0
27 -32 -38 0
108 142 144 0
-80 -93 -116 0
-66 84 -146 0
-6 -35 66 0
48 -52 -113 0
13 42 -109 0
-4 23 -56 0
62 -69 119 0
-13 -38 -144 0
-2 36 -117 0
-12 -24 -123 0
35 59 76 0
44 104 -111 0
66 -88 149 0
75 126 130 0
43 -107 122 0
-8 39 99 0
-65 -67 81 0
-19 54 -88 0
4 -125 128 0
39 48 69 0
9 35 -87 0
74 100 113 0
-26 74 -87 0
-13 -30 -85 0
25 -50 -85 0
49 73 136 0
28 -97 148 0
45 -99 120 0
16 -56 -103 0
-15 43 44 0
25 64 -145 0
65 -94 -142 0
9 -59 93 0
76 -129 -134 0
-15 -91 104 0
104 146 -150 0
-48 -98 -120 0
11 119 -136 0
-66 -91 137 0
44 -105 140 0
-6 -28 150 0
-92 -109 136 0
-13 -63 128 0
-35 125 133 0