p cnf 150 510
-55 89 -134 0
18 74 -147 0
-59 -126 -130 0
-34 -95 -128 0
-1 57 -97 0
-80 133 135 0
50 67 84 0
-17 54 -112 0
-18 104 -147 0
37 -44 -123 0
5 9 105 0
-21 -46 145 0
-79 81 -138 0
-23 55 -115 0
13 -119 -129 0
4 79 -101 0
-103 105 -114 0
65 79 -129 0
-49 -51 71 0
-70 92 -116 0
27 43 112 0
-21 46 64 0
-3 -64 78 0
-8 -32 -42 0
85 86 -133 0
-12 19 -134 0
28 32 -97 0
-28 125 150 0
10 -25 -111 0
-17 64 146 0
-76 -81 150 0
56 77 135 0
92 -95 -118 0
-1 -10 -97 0
20 89 126 0
-2 30 -58 0
-8 -11 -93 0
60 63 -97 0
1 20 -61 0
-13 18 63 0
76 -78 -86 0
-8 40 -83 0
-84 -115 148 0
2 21 -89 0
32 -116 137 0
-71 80 -88 0
-1 -44 -145 0
-41 64 100 0
-20 -54 -84 0
14 -18 -70 0
-90 101 -128 0
-4 119 150 0
-31 136 -143 0
-87 143 -145 0
-39 41 -130 0
14 31 147 0
3 7 -46 0
54 120 -131 0
3 29 -101 0
-38 -79 -93 0
-9 72 -143 0
-40 86 110 0
39 49 -134 0
41 -74 -145 0
3 -11 -93 0
33 -86 -139 0
82 142 143 0
40 -71 139 0
20 48 -142 0
-14 87 148 0
21 -77 97 0
-90 -106 -141 0
-29 90 -105 0
-58 104 -127 0
-5 -59 -104 0
29 77 -112 0
11 14 -43 0
-67 86 -119 0
-78 94 98 0
45 -98 122 0
-20 75 -93 0
8 23 -96 0
-61 108 -132 0
-44 86 -92 0
69 -100 -121 0
6 -10 34 0
-42 -57 106 0
11 77 -126 0
-50 -72 129 0
-14 -68 -120 0
36 -108 118 0
-4 84 147 0
-20 -66 115 0
80 -102 -116 0
39 71 -101 0
34 42 118 0
-71 102 -108 0
-91 -124 -139 0
15 47 67 0
-23 78 140 0
-11 -89 -132 0
-35 91 145 0
36 -39 125 0
-10 17 48 0
82 -87 129 0
18 66 -121 0
39 -79 -101 0
-10 -90 97 0
-34 78 -86 0
-76 -96 -146 0
-20 45 94 0
-54 74 112 0
-19 -26 -89 0
35 -60 -124 0
71 -123 133 0
-1 -15 148 0
-4 107 127 0
-36 -65 -103 0
-78 -83 -116 0
-3 -13 -77 0
14 -31 -113 0
-17 27 -94 0
-15 62 113 0
26 70 72 0
30 84 -114 0
-105 -110 -116 0
-42 -103 146 0
44 -76 146 0
6 -137 139 0
-38 -113 117 0
13 -97 101 0
-53 75 -108 0
13 -65 79 0
110 -113 -124 0
65 117 135 0
37 -105 -111 0
97 113 -146 0
-84 103 -123 0
11 30 -146 0
-27 -77 -108 0
20 59 -107 0
107 118 -122 0
-29 -51 -142 0
-3 -69 141 0
-34 40 115 0
45 46 70 0
-27 95 126 0
-86 -112 -144 0
-4 54 -78 0
95 123 -141 0
91 109 117 0
-1 127 -142 0
43 61 -130 0
91 129 -141 0
43 71 -93 0
-4 -116 -123 0
33 -49 65 0
2 61 -140 0
10 18 82 0
28 -96 130 0
-60 -136 -144 0
66 114 141 0
-11 15 40 0
12 -42 -109 0
54 78 -132 0
89 129 137 0
-39 65 93 0
93 -104 -120 0
24 34 -45 0
91 -110 -133 0
23 -70 113 0
87 -96 108 0
27 -64 89 0
-27 106 -134 0
-17 -107 144 0
65 84 -143 0
-25 -77 125 0
-37 81 -104 0
12 105 116 0
-40 62 -130 0
-8 -14 -139 0
66 67 -138 0
-23 -120 -123 0
4 26 -147 0
41 63 106 0
49 65 128 0
25 -91 -149 0
-10 -13 -113 0
-24 63 110 0
-41 42 104 0
99 -117 118 0
22 24 -78 0
-1 -39 148 0
-6 91 -149 0
11 69 80 0
-10 -56 -149 0
41 -42 -70 0
-20 -97 130 0
8 -22 118 0
9 40 69 0
-13 -100 -119 0
82 117 146 0
-36 -86 -131 0
70 96 -105 0
2 -65 -111 0
105 136 -144 0
-31 108 126 0
7 10 79 0
41 -77 124 0
-10 43 128 0
-100 129 138 0
104 115 -125 0
6 39 -126 0
-6 20 -22 0
45 -57 -129 0
35 -89 117 0
85 118 -135 0
-52 78 -122 0
41 55 -62 0
41 -79 124 0
-39 86 110 0
74 118 -140 0
51 -101 114 0
1 7 28 0
-43 76 -150 0
-69 73 118 0
-24 74 -103 0
43 -74 -131 0
-12 -26 69 0
35 60 -114 0
-3 -120 136 0
-53 -97 109 0
-39 -79 -130 0
105 122 137 0
-3 -61 -85 0
-36 -70 96 0
98 -112 -123 0
19 64 100 0
-23 -55 128 0
-61 127 140 0
-29 55 133 0
-54 61 126 0
16 39 89 0
-40 -100 105 0
91 105 -115 0
-33 -136 139 0
55 -93 -140 0
11 -48 119 0
5 -37 -109 0
4 43 93 0
13 143 144 0
50 81 -111 0
65 -73 115 0
59 -76 106 0
-59 68 96 0
28 -38 -69 0
-19 90 -110 0
79 113 128 0
-19 43 -61 0
-19 62 -99 0
31 41 93 0
-39 -60 -135 0
25 81 87 0
-24 -102 -145 0
13 46 -119 0
-34 -88 137 0
57 -62 -121 0
31 38 -102 0
-92 -131 142 0
-72 73 78 0
-4 -84 123 0
64 -74 -79 0
47 -90 -117 0
-3 -22 -34 0
-17 74 -122 0
6 71 -78 0
-5 -14 -73 0
-60 -87 -101 0
13 108 117 0
-32 40 140 0
3 -36 51 0
-17 -27 44 0
-34 -123 126 0
-8 -67 89 0
-5 -120 125 0
-35 -104 -148 0
-57 111 -150 0
49 -72 -119 0
22 97 145 0
-4 -70 148 0
32 49 71 0
57 70 118 0
59 94 -115 0
-70 117 126 0
-38 65 -93 0
-14 -86 -91 0
-91 114 -149 0
-21 24 93 0
47 -72 -121 0
-23 -115 148 0
-82 -91 125 0
89 120 143 0
46 -55 -72 0
24 82 94 0
-33 73 -76 0
1 111 -119 0
-24 42 -86 0
88 -128 149 0
-2 48 -139 0
8 15 -17 0
26 50 129 0
-65 -131 132 0
34 -52 -139 0
-48 -112 -124 0
-9 -40 116 0
-96 -131 -147 0
18 22 129 0
-14 99 130 0
-3 -61 67 0
112 129 -131 0
-66 -99 -127 0
-8 -17 117 0
35 40 -50 0
-53 73 -98 0
-68 -89 -132 0
-32 -34 -102 0
40 -68 104 0
-22 98 -119 0
-21 22 76 0
-11 41 -119 0
6 38 57 0
-6 49 149 0
12 100 121 0
-10 84 98 0
39 -54 111 0
10 -33 34 0
10 -15 80 0
-20 26 -125 0
2 -16 -66 0
47 57 129 0
45 62 90 0
-61 69 -84 0
-46 -56 86 0
1 -111 142 0
35 -65 122 0
95 99 109 0
8 -53 130 0
-32 71 -81 0
-30 65 67 0
29 57 -98 0
-3 26 92 0
-16 56 61 0
-34 -119 141 0
111 115 -146 0
19 25 -141 0
108 -119 -150 0
5 13 97 0
11 -40 -56 0
-27 48 -78 0
-100 124 132 0
40 -78 -125 0
-3 129 -135 0
46 55 68 0
55 56 104 0
13 83 110 0
20 42 -72 0
-25 -57 75 0
-73 91 99 0
26 -95 139 0
29 -54 -134 0
17 39 139 0
12 113 -146 0
-71 80 121 0
-17 94 -141 0
-30 -38 99 0
78 90 -127 0
17 44 53 0
-13 -44 -135 0
-10 20 -79 0
-52 -55 -67 0
-32 -58 101 0
22 44 60 0
107 -140 -149 0
-52 -59 -85 0
-10 91 -94 0
81 -92 142 0
30 -47 145 0
-6 58 -112 0
20 -82 -123 0
-108 133 -136 0
35 -91 98 0
-50 -82 -140 0
4 -16 -44 0
-11 48 96 0
-26 -33 -142 0
-2 6 66 0
-28 -114 -141 0
5 -11 -72 0
-77 -93 -131 0
25 54 100 0
14 47 -83 0
65 -125 -150 0
23 -83 -135 0
-1 76 -108 0
7 -65 -138 0
-15 -61 -122 0
-11 -52 -138 0
-107 118 -150 0
-46 -78 114 0
53 -68 -133 0
-133 -144 -146 0
8 -104 107 0
-62 87 -122 0
109 128 -144 0
10 15 -140 0
-73 89 146 0
-55 104 143 0
-2 40 -76 0
2 52 -94 0
97 -110 -130 0
-31 -42 140 0
-31 -33 55 0
-30 -83 -123 0
-1 68 -116 0
-7 31 35 0
-53 65 -91 0
43 -82 -103 0
75 78 126 0
54 -109 -126 0
31 -50 108 0
-1 14 113 0
78 84 141 0
12 -124 134 0
12 103 -150 0
6 -71 -138 0
-10 -54 148 0
79 -109 -122 0
14 -89 118 0
-1 -30 -46 0
9 29 -108 0
-92 93 -108 0
-3 -96 109 0
8 107 -149 0
27 37 -107 0
64 -68 -123 0
-49 71 -123 0
21 96 131 0
52 74 -131 0
-103 108 149 0
44 52 -82 0
26 -57 67 0
6 -41 88 0
-94 -103 -132 0
-11 -22 32 0
-27 -33 109 0
24 -25 43 0
-115 145 -147 0
-41 -47 96 0
1 -41 -73 0
17 45 88 0
6 51 -143 0
-31 -89 144 0
-1 9 42 0
-25 -103 123 0
80 -105 -115 0
62 -125 -132 0
30 -66 -135 0
36 -41 -46 0
63 -76 95 0
39 41 -59 0
106 131 -145 0
53 126 148 0
15 -65 145 0
-21 37 130 0
39 -123 -138 0
-133 -135 -140 0
-20 38 42 0
-65 -87 -89 0
-65 120 147 0
-21 -136 142 0
-69 131 148 0
-24 -113 -148 0
-36 -59 92 0
17 -105 139 0
27 -36 102 0
49 143 144 0
-75 -105 -127 0
-16 -17 31 0
3 131 139 0
103 142 147 0
-40 -67 -71 0
-25 -80 128 0
-9 -103 121 0
113 -130 -144 0
-61 -80 110 0
44 89 -131 0
-75 -96 -104 0
1 -79 113 0
3 -23 -41 0
27 -91 -144 0
-28 31 -79 0
-6 26 140 0
-70 104 -121 0
46 -88 144 0
-5 -67 73 0
61 78 -125 0
5 105 -113 0
-78 85 -110 0
81 135 -147 0
93 112 -124 0