p cnf 150 720
-52 -127 144 0
67 96 148 0
45 90 -121 0
33 79 120 0
-53 -93 -113 0
53 -97 111 0
43 -86 98 0
47 81 -97 0
-42 -52 -73 0
-42 -105 -137 0
-18 -20 -113 0
116 131 144 0
85 -100 -108 0
-23 -39 67 0
-10 -41 139 0
28 48 -64 0
-77 -99 109 0
-87 -131 -141 0
16 -25 -51 0
-57 -131 -135 0
46 60 -147 0
59 90 -108 0
11 87 144 0
72 -80 -86 0
-11 33 38 0
-10 -82 -113 0
28 -36 -96 0
38 -92 101 0
-15 86 142 0
-69 82 136 0
17 90 106 0
-40 52 -61 0
24 78 -142 0
-17 37 107 0
-73 -75 -90 0
-33 -71 95 0
56 -95 107 0
1 -22 123 0
-1 -29 76 0
22 44 -82 0
24 35 -82 0
-26 93 137 0
-2 -87 -115 0
-62 81 -118 0
21 39 -128 0
44 -119 -141 0
75 -85 132 0
-74 -97 121 0
-4 82 117 0
6 -14 119 0
12 47 145 0
-42 -43 54 0
-12 106 138 0
32 -78 -147 0
-63 -89 -137 0
58 80 119 0
64 -88 -119 0
4 -58 79 0
-85 -105 -112 0
-20 28 -114 0
7 52 107 0
-66 -118 -123 0
11 20 105 0
-28 -40 107 0
-42 92 -106 0
-37 92 139 0
9 80 -128 0
79 -87 -134 0
-25 118 126 0
45 -96 124 0
95 124 -137 0
31 84 -138 0
92 -141 149 0
27 -94 115 0
30 -61 -101 0
56 121 -134 0
-87 -100 -124 0
46 -68 -136 0
-10 44 81 0
17 -59 -105 0
-48 -64 -89 0
3 -45 118 0
38 -60 113 0
-11 115 118 0
-24 29 -124 0
28 -110 -136 0
-45 135 146 0
10 -80 -143 0
28 69 -70 0
-71 -119 138 0
19 -41 110 0
48 70 -86 0
-29 75 -132 0
-114 -119 -137 0
8 19 -63 0
5 -94 144 0
51 92 -142 0
-36 51 66 0
-20 48 -61 0
-43 -55 -58 0
-13 -28 -104 0
51 64 103 0
49 64 108 0
21 -38 -116 0
-76 -103 -136 0
75 109 -115 0
7 101 -122 0
-4 71 140 0
-8 -10 129 0
-89 -113 -118 0
-38 75 -146 0
56 93 125 0
31 -77 -137 0
-11 86 107 0
26 62 95 0
27 -75 117 0
-73 -81 118 0
7 -39 -69 0
30 -102 142 0
18 48 -113 0
-25 41 -146 0
37 -83 -91 0
60 67 101 0
-9 114 142 0
42 -46 -92 0
-15 -19 40 0
-48 -83 -99 0
74 91 113 0
38 42 101 0
-44 -62 77 0
-22 77 -100 0
-71 -78 93 0
-4 56 109 0
-60 -66 70 0
20 -125 -139 0
64 -79 89 0
40 -45 64 0
-46 -74 -84 0
-65 -101 -119 0
-11 56 136 0
-20 71 -96 0
2 123 147 0
-51 84 125 0
-7 -45 -149 0
-24 26 -85 0
109 111 -150 0
37 -81 134 0
-97 -116 -118 0
-72 -83 -109 0
-40 83 -101 0
1 -78 -83 0
-2 22 125 0
-86 118 -147 0
-31 -50 73 0
46 -103 104 0
22 45 -69 0
-69 -109 113 0
-41 -42 138 0
-12 -24 -147 0
-35 -64 124 0
-58 -60 -95 0
6 8 -120 0
-56 -124 -129 0
-26 46 72 0
33 105 -122 0
-13 128 -136 0
1 -116 123 0
-51 89 -128 0
83 116 -117 0
61 85 144 0
-27 -82 -93 0
8 117 -125 0
7 -58 62 0
58 94 -114 0
4 -66 126 0
-34 69 -72 0
-21 -45 -55 0
55 65 80 0
84 -93 107 0
13 -70 77 0
68 -99 121 0
-84 -101 -102 0
-25 33 61 0
-38 99 -131 0
43 56 88 0
-22 62 82 0
-30 50 102 0
69 92 -140 0
52 112 114 0
12 103 -132 0
-3 -27 137 0
-24 63 -74 0
44 -118 -144 0
-28 57 148 0
36 -51 -115 0
-2 -130 -148 0
-89 -108 -144 0
-35 83 90 0
-46 -92 149 0
-11 63 -79 0
-41 67 89 0
35 -62 -134 0
36 68 119 0
11 -70 -108 0
66 85 96 0
-9 41 -136 0
52 72 -104 0
74 88 150 0
1 27 -128 0
6 23 30 0
-28 46 -57 0
51 -94 112 0
6 50 -125 0
-84 -121 -131 0
-76 -92 -145 0
-30 -66 -125 0
16 -41 78 0
4 82 112 0
17 61 -139 0
25 -33 -140 0
5 102 -104 0
101 107 -111 0
60 85 -104 0
-50 122 -124 0
110 -116 -134 0
-22 25 75 0
-24 49 -129 0
20 -43 -69 0
88 92 147 0
-101 -119 -143 0
34 -44 -138 0
-30 31 -127 0
14 -18 113 0
5 -70 -138 0
-7 18 99 0
-29 83 -113 0
8 33 59 0
-44 -60 -114 0
-21 -110 -113 0
-10 -57 81 0
3 75 128 0
41 -74 85 0
36 -103 117 0
27 -31 -48 0
-63 -115 -145 0
-87 -92 -134 0
3 -40 85 0
31 101 -110 0
5 -26 138 0
-109 -127 -136 0
62 125 -144 0
22 92 -141 0
28 29 -117 0
-1 57 111 0
102 108 -149 0
23 69 139 0
47 68 83 0
-27 -29 82 0
-11 -92 -97 0
-18 19 -100 0
89 -110 130 0
-54 -85 148 0
2 -9 135 0
-1 53 149 0
-73 -105 -118 0
-17 49 -131 0
-55 103 -107 0
-2 81 -140 0
-87 -125 145 0
-20 56 -135 0
23 -24 -42 0
-21 -94 -111 0
-58 82 -123 0
69 102 109 0
30 -72 -122 0
-66 -73 143 0
2 20 92 0
93 105 120 0
-54 -65 105 0
53 -63 112 0
-18 -61 -88 0
72 122 144 0
-37 134 -143 0
-31 -115 -130 0
5 30 -112 0
6 11 138 0
44 65 -121 0
-48 78 113 0
14 -27 -54 0
53 -94 111 0
9 61 -76 0
-108 121 -139 0
1 52 -148 0
25 -26 35 0
-18 -79 -113 0
16 29 146 0
-44 -52 -56 0
-2 33 71 0
-46 -85 90 0
-44 -54 -103 0
-100 -107 -136 0
29 45 -84 0
-43 88 -94 0
68 -85 97 0
-67 -95 -123 0
-13 54 81 0
13 -21 -58 0
47 53 -137 0
49 51 71 0
107 108 141 0
-56 69 116 0
-45 -66 -87 0
-13 -121 124 0
-5 -72 -134 0
-5 42 -106 0
-48 63 99 0
8 35 133 0
-13 -33 -62 0
-39 52 -143 0
88 -100 -149 0
-24 110 117 0
4 -11 -92 0
126 128 131 0
-1 87 -147 0
11 76 -129 0
4 -32 -136 0
79 -104 -126 0
-68 116 132 0
-49 -51 73 0
-22 65 -139 0
-57 -66 121 0
6 10 -83 0
25 104 -116 0
-7 -50 -132 0
24 128 -135 0
27 56 -74 0
-41 -63 -107 0
-62 -105 122 0
-44 -98 118 0
-53 130 -139 0
67 72 73 0
80 -93 -123 0
6 -120 -146 0
-3 50 145 0
-97 -100 118 0
18 33 98 0
24 55 91 0
-28 -42 -82 0
-23 55 141 0
80 -110 116 0
17 -18 97 0
-19 -118 127 0
-53 77 -149 0
78 -80 -112 0
-53 87 -107 0
53 -69 -103 0
55 58 68 0
28 66 94 0
-105 -109 -128 0
-48 52 93 0
40 51 137 0
9 46 90 0
53 54 -80 0
44 -123 -148 0
63 -111 140 0
-1 6 35 0
71 -112 136 0
28 -31 83 0
11 -108 -134 0
-42 -79 103 0
-51 54 87 0
-55 121 -124 0
26 28 81 0
-105 -147 150 0
-3 43 126 0
-12 25 121 0
-1 -58 -122 0
-9 -61 97 0
-4 -76 87 0
-12 -105 -126 0
-12 35 139 0
-59 -107 133 0
15 54 139 0
13 16 45 0
-1 -5 -113 0
79 -106 122 0
-66 -101 136 0
-77 123 -131 0
-52 -63 -148 0
92 -112 -143 0
-32 39 95 0
75 137 143 0
-6 35 106 0
53 -113 137 0
41 -62 -129 0
-2 -9 77 0
-27 29 131 0
36 -128 -145 0
78 84 140 0
43 88 -132 0
-2 64 -142 0
-65 -107 110 0
-19 -52 -59 0
8 -19 146 0
29 116 -129 0
21 90 100 0
60 -99 -133 0
-22 -32 40 0
-15 71 -145 0
31 81 -111 0
2 12 93 0
93 -109 -135 0
-12 13 103 0
-3 -96 122 0
-17 -37 -71 0
-66 -88 134 0
52 58 -135 0
-9 88 -123 0
53 68 144 0
-69 100 -136 0
28 98 -118 0
7 50 117 0
-59 -100 127 0
-131 -146 148 0
31 51 -118 0
-37 109 137 0
49 -63 -106 0
-8 -15 -134 0
26 65 85 0
53 58 129 0
11 35 -73 0
78 -98 118 0
6 -62 -73 0
18 -48 101 0
-5 106 -112 0
-66 -98 -145 0
-66 122 -130 0
-14 50 -74 0
79 108 -119 0
34 58 -71 0
41 133 -134 0
54 109 120 0
16 21 89 0
-32 -55 137 0
23 -49 -145 0
79 94 129 0
-35 -53 66 0
-119 -121 135 0
-18 -83 147 0
59 -124 150 0
87 -89 109 0
2 95 96 0
105 109 -110 0
-108 -112 -125 0
-24 30 -147 0
6 12 -71 0
-14 -54 -55 0
48 92 -142 0
-22 -68 -83 0
-70 -79 90 0
35 -39 142 0
103 -132 140 0
-57 60 -82 0
38 50 71 0
10 54 -58 0
6 -27 -54 0
-39 78 -117 0
47 93 -148 0
2 -37 -144 0
59 -97 -105 0
-41 75 -116 0
-3 -59 86 0
-92 -116 135 0
-44 71 138 0
-52 54 -117 0
-11 48 -105 0
-85 122 150 0
30 -135 142 0
78 -138 -147 0
-36 -61 92 0
-20 112 148 0
3 -49 -61 0
5 -27 33 0
-38 69 -72 0
-1 93 147 0
-40 110 125 0
50 -92 141 0
-70 72 -92 0
-34 122 -133 0
56 -88 -133 0
76 132 136 0
14 -21 29 0
65 109 132 0
50 59 -100 0
12 79 131 0
98 -109 141 0
-22 67 -132 0
-84 121 -134 0
33 59 93 0
-54 -88 -117 0
6 -70 -86 0
1 -65 -83 0
9 27 52 0
42 -91 135 0
2 130 -147 0
-12 -66 -146 0
-62 147 148 0
21 28 -37 0
-1 3 71 0
-114 132 -134 0
73 132 -146 0
42 44 135 0
-71 91 99 0
65 67 -149 0
18 -47 61 0
-32 47 -82 0
19 49 -104 0
-2 -9 52 0
64 80 134 0
-50 92 115 0
1 -57 72 0
36 130 144 0
-82 -116 143 0
-20 69 -134 0
-26 34 119 0
-27 -99 130 0
74 95 135 0
80 -83 85 0
-4 10 -99 0
55 -59 121 0
129 -140 145 0
-37 102 -147 0
-12 -33 55 0
61 -68 128 0
51 101 -105 0
5 -33 143 0
-98 -101 -134 0
-22 -39 96 0
-1 66 135 0
-20 -58 -140 0
-9 12 -25 0
35 95 -128 0
-17 26 75 0
-106 107 -111 0
87 96 -121 0
12 -75 -129 0
-25 -87 -101 0
-35 37 67 0
-51 -88 -115 0
-27 -66 93 0
-75 91 92 0
27 -40 -88 0
-1 -8 -145 0
-22 -89 148 0
-65 75 131 0
-57 -147 150 0
39 -42 -149 0
-34 -81 -135 0
-18 -20 -32 0
-22 -80 100 0
110 120 -129 0
13 -23 -48 0
15 -17 -52 0
-77 114 -129 0
-7 -40 56 0
37 -47 -86 0
-28 90 124 0
-11 84 -105 0
51 134 141 0
-70 113 133 0
-7 -61 -84 0
23 -36 -74 0
81 127 137 0
-21 -33 -67 0
42 -47 77 0
30 69 -86 0
-62 -64 77 0
-43 -100 -122 0
-9 42 -58 0
85 -99 -135 0
-66 -84 -133 0
3 95 100 0
98 -125 139 0
-54 -87 -145 0
2 139 -145 0
-7 73 -126 0
53 -107 -120 0
34 -119 -145 0
53 -67 120 0
-22 24 -85 0
-23 -66 -129 0
-90 -118 -145 0
19 89 149 0
80 -93 139 0
111 120 -126 0
11 -67 -100 0
-14 -70 72 0
48 -67 -103 0
1 -30 32 0
-82 112 139 0
-19 136 -149 0
-50 -118 123 0
45 -97 128 0
-59 -99 -103 0
13 46 51 0
48 -115 127 0
9 -26 -103 0
12 -26 147 0
90 110 125 0
-62 104 -135 0
34 50 92 0
27 -79 134 0
5 120 125 0
19 64 113 0
39 -118 150 0
7 68 -86 0
-22 -60 65 0
-12 -21 -53 0
-9 99 146 0
12 -76 -141 0
-84 87 147 0
27 -36 44 0
49 -103 140 0
100 114 -145 0
-3 -104 -109 0
-5 -60 -93 0
-84 102 -112 0
100 -136 -145 0
-2 50 -100 0
16 21 80 0
-100 103 121 0
-77 -109 125 0
-101 -130 -136 0
29 94 137 0
-61 81 -113 0
25 30 124 0
-36 -108 -148 0
-84 105 129 0
-53 -111 137 0
71 91 130 0
-54 -118 147 0
42 -61 136 0
-10 -45 -113 0
-24 -42 -101 0
7 -53 136 0
-53 -83 130 0
-112 132 -139 0
-96 -107 -144 0
-32 37 -131 0
65 -81 -136 0
10 78 -81 0
28 38 -90 0
-69 -98 -131 0
21 -45 121 0
-15 44 -137 0
-15 -105 -106 0
-18 49 133 0
7 -54 101 0
33 -67 72 0
21 -121 131 0
-76 86 139 0
35 -57 74 0
24 -103 121 0
77 -98 -107 0
-30 80 119 0
-84 -112 -124 0
81 141 145 0
5 31 -80 0
-36 117 141 0
-68 -122 148 0
-26 99 -110 0
-29 107 -109 0
-20 48 -83 0
-45 99 -150 0
62 -105 138 0
-41 125 -145 0
41 -75 80 0
8 -65 149 0
-45 -49 -65 0
-27 -36 -85 0
7 -75 -86 0
-23 118 -135 0
34 115 131 0
-60 -69 -90 0
15 91 111 0
-3 92 129 0
-126 139 -150 0
-69 91 -102 0
-46 -66 108 0
41 -97 144 0
32 -83 -142 0
10 -73 78 0
15 -55 141 0
72 -83 -85 0
-59 -72 99 0
-9 -44 -46 0
-1 -56 -123 0
10 -108 -131 0
-36 -52 -97 0
65 -69 -140 0
9 22 -54 0
-32 64 98 0
36 -39 -93 0
33 -48 -127 0
11 125 130 0
19 25 125 0
17 84 -149 0
43 -90 95 0
26 33 -149 0
13 38 131 0
23 -128 -129 0
-13 -30 -75 0
-18 24 -106 0
-118 121 -129 0
3 -105 139 0
69 76 132 0
64 -83 -104 0
-19 -30 115 0
35 54 -147 0
-9 -72 -90 0