p cnf 150 600
-81 -93 109 0
-24 33 -66 0
-62 118 143 0
-125 135 -139 0
9 -62 84 0
-9 130 -149 0
-2 8 -89 0
58 85 120 0
-63 -92 126 0
59 74 99 0
-54 -69 134 0
71 -98 -123 0
29 -43 -122 0
-92 -101 112 0
86 -124 147 0
-77 -113 140 0
-17 36 -66 0
7 94 -116 0
-6 -56 76 0
103 122 138 0
9 -67 -143 0
51 -70 -138 0
-61 -113 126 0
-61 -80 -89 0
-35 53 114 0
21 -66 -125 0
-35 -94 104 0
-2 -23 120 0
-27 -36 89 0
38 -55 -68 0
-7 -106 126 0
69 -81 -105 0
8 13 -72 0
-8 64 80 0
86 -104 -111 0
-15 34 112 0
104 113 -133 0
2 5 83 0
-13 -48 81 0
2 -75 -149 0
44 52 64 0
37 -48 114 0
56 -57 -147 0
18 143 -144 0
44 74 131 0
46 54 109 0
-89 104 -150 0
24 -37 -66 0
40 -51 -149 0
-20 23 71 0
15 -25 30 0
71 112 134 0
-9 -73 -89 0
1 91 -117 0
27 -76 -147 0
-75 -87 -95 0
49 -95 100 0
1 46 -109 0
-10 113 114 0
-29 71 78 0
-27 50 -133 0
66 107 -117 0
22 -80 117 0
-60 118 -132 0
27 -60 -143 0
65 108 127 0
17 138 148 0
75 -86 -126 0
26 29 150 0
1 -45 -95 0
-52 -128 144 0
34 44 62 0
81 -83 100 0
-6 82 133 0
-44 64 -147 0
48 -55 110 0
55 116 -118 0
53 -88 -132 0
-111 -123 126 0
-69 -84 -106 0
2 7 80 0
83 107 -137 0
-109 137 -139 0
-57 106 -120 0
4 35 90 0
1 62 134 0
52 105 -148 0
-23 60 -83 0
-79 -82 118 0
-36 -95 111 0
8 -63 -146 0
-32 -120 148 0
-58 91 92 0
-15 -76 122 0
40 -53 66 0
-50 -100 -138 0
33 -40 -107 0
46 93 -109 0
-24 -122 136 0
-4 95 107 0
-28 59 65 0
-8 -31 149 0
12 -16 -98 0
-37 88 -91 0
-35 -63 -83 0
8 -25 92 0
-7 51 -88 0
-28 -65 68 0
62 -98 -117 0
9 -61 -107 0
-110 -145 146 0
8 80 85 0
-113 -129 -133 0
-23 -31 138 0
-2 -25 115 0
6 55 -73 0
30 34 52 0
-12 48 143 0
-1 -50 93 0
-14 118 -130 0
-46 -87 146 0
-24 -112 -150 0
-35 -135 -139 0
44 -51 95 0
9 49 -118 0
45 70 131 0
-10 17 -105 0
-48 -83 137 0
-20 117 133 0
2 10 30 0
63 81 -138 0
36 111 141 0
47 64 112 0
-25 60 80 0
1 71 144 0
-72 81 -146 0
-71 106 -145 0
8 91 -100 0
-8 63 -142 0
77 -92 -115 0
-5 118 -142 0
28 103 129 0
-12 -63 143 0
7 -77 150 0
-132 138 -141 0
-51 -111 -118 0
36 66 -123 0
42 -70 123 0
-24 124 -130 0
6 11 -31 0
-34 40 150 0
35 -102 -113 0
-27 51 -123 0
-37 141 -149 0
-121 -123 -148 0
-7 29 70 0
-41 45 -109 0
-28 52 -76 0
51 -93 113 0
54 66 -128 0
-12 -79 -84 0
1 86 -110 0
-34 -90 -96 0
43 -68 81 0
-20 54 -141 0
8 -85 -135 0
20 69 -113 0
28 92 -110 0
-14 23 124 0
-2 -7 -78 0
-45 63 101 0
-95 -117 139 0
8 -22 63 0
46 65 128 0
-4 -38 -77 0
61 82 -135 0
-78 -102 -133 0
34 41 70 0
1 -24 112 0
23 -42 141 0
83 -85 93 0
-71 -131 -147 0
-38 62 -99 0
-5 8 46 0
-33 50 65 0
10 114 -122 0
-85 -94 123 0
1 31 34 0
-54 -60 107 0
-63 101 -105 0
-3 -110 116 0
-63 115 126 0
42 100 -143 0
40 -56 -113 0
-21 40 76 0
6 74 -82 0
-8 53 -111 0
49 72 102 0
36 -86 100 0
-81 -91 128 0
-79 -127 -132 0
-19 -50 -104 0
2 41 108 0
35 80 144 0
-37 56 -110 0
18 31 -96 0
21 -42 -141 0
22 43 61 0
25 94 -114 0
-45 58 66 0
-93 127 -136 0
-40 54 -125 0
13 47 -118 0
-94 -123 135 0
-14 36 -143 0
-48 -66 69 0
-52 60 129 0
52 -82 -89 0
28 -31 -134 0
-30 37 87 0
-82 -95 130 0
18 -146 -149 0
-27 32 127 0
-108 -111 -145 0
-76 -97 -107 0
-63 75 -123 0
58 -84 -86 0
-43 45 47 0
51 117 140 0
-16 29 -87 0
17 -51 87 0
-23 104 -146 0
-53 -68 -130 0
-15 -19 -116 0
8 -40 47 0
2 -76 -113 0
18 -62 131 0
-49 89 -107 0
22 -34 -133 0
31 84 -109 0
8 25 -127 0
-75 -88 135 0
-30 -51 58 0
38 58 -138 0
-7 -17 -22 0
-32 37 54 0
-12 96 -122 0
14 26 -131 0
35 43 104 0
-37 -46 90 0
46 125 -147 0
15 -40 -121 0
-23 83 96 0
89 104 145 0
-49 -63 -71 0
-20 -64 -125 0
-17 25 123 0
48 82 -107 0
31 -44 126 0
10 -70 -145 0
-8 89 141 0
23 -26 -116 0
34 44 -128 0
-41 98 -106 0
-31 -40 -127 0
-24 77 120 0
-43 120 -148 0
7 -56 -138 0
19 -30 119 0
-1 -12 31 0
8 25 -58 0
4 112 -126 0
62 63 139 0
59 101 -139 0
-107 124 133 0
-18 -26 150 0
-19 120 137 0
49 77 129 0
36 -91 93 0
13 113 132 0
92 -139 -146 0
-57 68 -145 0
-41 -95 116 0
-10 31 123 0
64 -86 91 0
-32 -106 123 0
6 26 60 0
14 -19 72 0
-2 42 148 0
-20 -50 134 0
-49 63 -83 0
-85 113 119 0
28 112 -117 0
-23 48 143 0
39 63 112 0
-60 -120 140 0
67 100 136 0
18 37 -118 0
-6 109 -129 0
30 -117 -139 0
12 65 -109 0
19 -41 79 0
-11 31 -102 0
-8 -45 102 0
25 -45 146 0
-30 -125 -142 0
72 -110 -140 0
-9 15 65 0
34 -85 -103 0
54 -96 148 0
-14 -125 -136 0
-5 33 55 0
-51 63 -70 0
35 64 -109 0
-1 113 129 0
56 58 121 0
-23 -80 94 0
-111 118 -121 0
89 107 -140 0
-16 -45 134 0
46 -77 -138 0
25 -76 125 0
-60 70 88 0
-5 -33 -96 0
13 84 -103 0
-52 -75 -84 0
27 -93 -138 0
-1 -3 -20 0
43 -53 -144 0
-70 80 125 0
-10 35 133 0
33 82 92 0
59 -134 -138 0
-65 75 142 0
-42 -72 134 0
-27 46 71 0
29 70 -117 0
2 63 -72 0
79 -119 -129 0
54 112 -143 0
-10 -110 131 0
43 -46 -142 0
-11 -99 147 0
-76 82 -135 0
49 51 59 0
12 -74 138 0
-20 -43 123 0
23 44 108 0
-14 -18 -135 0
15 53 123 0
-41 103 115 0
-12 -25 76 0
15 51 -55 0
21 -74 98 0
-29 59 60 0
-68 -121 124 0
-18 -27 -83 0
-9 71 -76 0
-33 -105 150 0
-35 -75 -148 0
2 22 -91 0
37 -124 -133 0
31 39 98 0
5 82 111 0
62 -68 -144 0
-1 129 -148 0
-12 75 -86 0
-5 -9 97 0
68 -114 -129 0
-53 -60 63 0
-10 63 139 0
51 -98 125 0
-41 -43 137 0
45 58 95 0
-60 -101 -105 0
62 124 125 0
57 76 -105 0
-9 -53 109 0
31 -79 -96 0
59 71 112 0
-89 -96 113 0
-7 -64 96 0
127 -135 -145 0
-51 112 -120 0
11 -50 -95 0
66 -82 100 0
20 -65 74 0
9 -80 -85 0
59 -82 -99 0
76 -88 -93 0
-9 -59 102 0
-2 5 76 0
30 140 146 0
-24 -74 -99 0
-33 -78 -145 0
-28 65 147 0
-16 -130 -150 0
51 -64 100 0
-72 -81 -139 0
10 -113 136 0
-26 -53 -71 0
-68 -82 -92 0
44 108 -138 0
25 -81 -124 0
-12 -44 73 0
33 -35 -47 0
71 124 148 0
-3 50 -113 0
-10 66 -105 0
66 112 131 0
-16 -42 82 0
99 110 119 0
64 75 -89 0
20 58 -76 0
3 12 -149 0
-3 -14 -83 0
-11 51 132 0
-51 102 114 0
15 18 109 0
-55 61 133 0
45 -92 125 0
-38 -96 -140 0
42 73 -142 0
74 -80 106 0
-1 -87 -127 0
-32 -44 -130 0
9 -46 66 0
40 -98 99 0
44 -70 -84 0
-78 87 90 0
25 115 -116 0
2 -25 -149 0
-17 99 113 0
-4 -100 149 0
-2 63 146 0
33 90 -142 0
40 124 145 0
44 97 -130 0
-6 -83 137 0
-4 -19 23 0
11 23 70 0
-16 62 110 0
-35 70 -126 0
48 56 -58 0
-87 -106 -120 0
-19 131 148 0
12 36 -150 0
-24 48 86 0
-41 53 144 0
-21 73 -103 0
21 -76 -103 0
9 75 -103 0
-5 -20 -132 0
36 75 85 0
-54 62 92 0
12 -38 -82 0
-105 134 145 0
-14 -66 80 0
-11 -13 80 0
-3 4 88 0
-48 62 145 0
90 -105 -137 0
17 24 -100 0
84 93 120 0
99 -125 144 0
-8 34 -119 0
-82 -126 132 0
-41 113 128 0
14 -77 89 0
55 61 124 0
60 -107 -135 0
-16 -94 -146 0
74 102 142 0
7 -87 -108 0
-40 -52 125 0
106 119 139 0
-15 76 135 0
-11 81 -119 0
-8 -45 -89 0
53 67 -91 0
-61 82 -105 0
65 73 -112 0
21 93 -126 0
79 -148 -150 0
101 -111 127 0
34 -78 -111 0
23 -51 83 0
10 -28 56 0
45 69 125 0
-84 -118 -130 0
-6 48 -138 0
-1 75 109 0
46 79 84 0
18 118 -149 0
12 128 141 0
75 112 -123 0
-32 -94 144 0
-50 -95 124 0
-48 -114 122 0
55 128 -138 0
19 -53 67 0
1 -14 125 0
-9 11 88 0
35 -43 65 0
21 62 -72 0
28 -33 -52 0
-7 10 107 0
62 -112 148 0
48 -98 147 0
30 -62 -134 0
109 -121 124 0
63 -115 144 0
5 -86 96 0
2 -39 50 0
7 -45 -86 0
-88 -102 -148 0
22 95 -141 0
22 90 -97 0
27 53 -88 0
26 -42 141 0
27 55 -99 0
-9 -15 -86 0
-31 -70 -132 0
6 10 -65 0
29 90 -115 0
12 79 -144 0
-7 -42 -148 0
69 -126 -135 0
-16 77 104 0
23 98 120 0
-32 65 -95 0
25 -36 -146 0
-34 65 150 0
15 -124 -136 0
24 -146 147 0
-2 -145 147 0
113 138 -140 0
3 -38 72 0
28 119 131 0
23 -30 58 0
23 32 140 0
1 71 -85 0
-18 -21 92 0
-1 -23 -44 0
-37 -45 71 0
-120 131 150 0
4 102 121 0
2 -61 128 0
-12 101 108 0
46 -62 -98 0
84 105 111 0
15 71 126 0
-17 21 -32 0
-7 -55 90 0
16 -21 -92 0
93 98 104 0
-103 -115 123 0
-15 -65 140 0
-95 -125 -137 0
-2 -74 -99 0
-70 99 143 0
-111 -115 121 0
21 -28 137 0
32 -87 -132 0
-51 74 -138 0
-12 -73 -136 0
-17 94 -143 0
76 -91 137 0
82 -95 -127 0
-35 88 140 0
-18 69 -148 0
104 -111 -121 0
-58 79 128 0
-36 -63 141 0
27 54 -76 0
-40 97 -138 0
-11 -85 -100 0
-48 52 -111 0
3 -23 -117 0
-20 -36 -64 0
-1 3 -24 0
17 33 45 0
49 109 130 0
-24 37 103 0
22 34 -41 0
-82 115 120 0
80 125 138 0
52 -86 -114 0
42 -100 -119 0
59 82 -143 0
36 59 -133 0
-51 77 -113 0
-4 -51 123 0
57 113 -132 0
19 -34 -68 0
36 50 56 0
-25 40 109 0
-83 -115 -124 0
26 -38 -94 0
-4 51 -123 0