p cnf 150 450
-20 -43 105 0
-3 34 -121 0
110 115 -150 0
23 46 139 0
-88 -99 108 0
83 -109 137 0
54 -74 -114 0
-2 39 55 0
51 -52 93 0
-2 14 -135 0
-21 -45 85 0
-94 -134 150 0
10 -21 37 0
16 117 126 0
-77 106 -123 0
34 -37 131 0
35 -54 -92 0
-68 -90 149 0
86 102 127 0
-1 -26 70 0
-78 116 136 0
-31 50 -125 0
103 131 132 0
90 -102 120 0
24 -34 -63 0
-73 -79 141 0
66 -137 148 0
-24 51 78 0
-92 -130 134 0
7 8 -116 0
-68 120 -133 0
31 61 -125 0
-9 14 16 0
-17 -93 148 0
34 -104 -133 0
-23 -99 142 0
-12 42 -122 0
-6 -70 98 0
-13 -76 103 0
23 138 -141 0
46 97 -145 0
5 38 -58 0
-5 15 -27 0
10 -66 -129 0
-14 -43 -78 0
11 101 133 0
-86 89 -131 0
105 -119 123 0
-23 37 92 0
-3 -18 -105 0
-51 -77 -97 0
-69 -75 131 0
-9 16 44 0
-96 120 -126 0
43 -136 149 0
-53 102 -124 0
-114 -128 -130 0
90 99 150 0
88 -110 118 0
7 28 -52 0
18 -57 97 0
79 81 134 0
18 48 139 0
77 93 -124 0
60 -70 100 0
18 78 134 0
21 58 -134 0
-7 11 12 0
12 -40 -64 0
16 -18 -149 0
32 -100 136 0
-34 -42 -91 0
86 99 -126 0
-47 -88 -92 0
57 62 120 0
-29 -58 -107 0
73 -137 144 0
13 -49 -78 0
42 48 78 0
-90 -116 -121 0
-18 29 -104 0
3 85 -124 0
101 106 141 0
-10 -86 103 0
45 69 -123 0
-28 71 -106 0
-30 -46 58 0
51 -99 106 0
-45 63 111 0
18 -94 -105 0
1 -9 -118 0
-45 -66 -134 0
28 -68 91 0
-16 -63 130 0
-11 -35 -124 0
-41 -58 70 0
7 -102 -137 0
-12 121 135 0
39 -55 -92 0
-28 -41 -110 0
36 49 131 0
27 -126 -137 0
-34 -99 135 0
9 12 101 0
36 71 149 0
10 108 146 0
-36 -49 68 0
50 -87 106 0
-21 -47 115 0
45 -49 -70 0
-43 61 -103 0
34 -38 -53 0
22 37 114 0
-60 -63 135 0
27 -38 121 0
39 -55 -113 0
28 123 -126 0
-107 111 117 0
92 110 126 0
74 -107 -143 0
96 117 -131 0
26 101 130 0
-25 -103 148 0
27 -32 35 0
-83 110 130 0
39 -93 -138 0
-75 134 137 0
-8 -28 126 0
-65 -66 136 0
-84 -92 100 0
-76 89 -94 0
-37 -89 109 0
94 -118 135 0
23 35 -145 0
-19 40 43 0
29 -84 -135 0
16 -71 114 0
-37 -91 114 0
-11 -36 -64 0
58 133 -146 0
-15 43 113 0
-26 60 121 0
-3 -25 -91 0
-2 38 -73 0
8 45 144 0
-93 143 149 0
-69 79 -141 0
79 139 -149 0
-44 48 -73 0
76 102 -115 0
-10 118 143 0
4 -60 -73 0
13 -35 130 0
-7 142 -149 0
-81 88 144 0
19 -82 -84 0
12 16 -71 0
-36 64 -149 0
12 -39 65 0
-6 -124 -133 0
21 -112 -150 0
-38 -71 139 0
16 -60 70 0
-53 -79 -131 0
17 42 116 0
-36 45 -137 0
-27 93 136 0
-56 66 -150 0
-35 92 -116 0
-17 96 134 0
-60 108 -112 0
-37 125 131 0
4 18 -87 0
83 117 -137 0
5 -20 -147 0
12 -74 144 0
-8 42 118 0
-28 -46 126 0
-6 -96 -106 0
114 -134 149 0
7 -103 -125 0
-21 45 68 0
7 37 91 0
97 -110 141 0
-2 -22 -83 0
27 -95 124 0
-9 -58 79 0
5 -124 -135 0
38 87 132 0
-36 45 -141 0
45 -100 142 0
47 110 -145 0
-42 70 123 0
-10 92 94 0
17 58 -115 0
-12 34 -91 0
47 111 134 0
40 -48 -112 0
35 -63 -107 0
-18 -67 -123 0
-18 134 138 0
-14 47 136 0
-13 -18 -135 0
-54 -112 -149 0
-67 -95 -99 0
-19 23 65 0
-7 92 -134 0
4 -44 -149 0
2 44 -54 0
9 -33 -126 0
24 -64 66 0
111 -119 137 0
-11 43 146 0
-87 106 -148 0
-64 138 -142 0
25 -31 47 0
17 100 -113 0
-10 78 -101 0
24 61 -76 0
-33 -145 -149 0
75 -81 -105 0
-130 -132 140 0
-31 89 -117 0
-56 -63 -115 0
48 123 -130 0
70 -73 -92 0
31 32 -113 0
77 123 135 0
105 -127 -138 0
58 -74 88 0
23 69 -115 0
-38 -40 88 0
-114 130 150 0
-38 64 -125 0
2 -10 33 0
27 36 -89 0
14 32 -65 0
-6 -125 -134 0
28 -50 -61 0
-12 -138 140 0
-17 -27 -72 0
-14 -38 48 0
-8 46 93 0
8 48 -106 0
-72 90 142 0
104 126 142 0
40 97 112 0
27 86 105 0
59 -77 143 0
18 -73 -117 0
31 -52 136 0
65 -99 -104 0
79 122 148 0
73 75 -141 0
-38 45 95 0
-96 -108 116 0
-68 -133 139 0
24 88 -92 0
-12 60 138 0
-14 16 17 0
27 77 136 0
-84 141 144 0
81 -108 -149 0
-7 73 -102 0
-37 -52 -87 0
14 68 70 0
-29 -136 -149 0
-77 109 -138 0
34 -122 145 0
-87 104 -138 0
-85 -98 -138 0
30 60 -79 0
-9 130 -143 0
-111 -126 146 0
6 15 122 0
-15 81 97 0
65 -94 -108 0
11 20 35 0
21 27 78 0
5 87 149 0
-28 -33 -48 0
121 -123 -125 0
9 -22 -81 0
-75 -101 137 0
-95 -96 -137 0
-1 -95 -144 0
75 -89 -142 0
5 -64 -149 0
-71 96 147 0
-14 -111 -150 0
29 -34 -77 0
69 110 -143 0
10 62 79 0
-15 -47 -87 0
81 -99 -107 0
-27 63 64 0
-63 -68 -104 0
-45 -82 105 0
-81 113 -117 0
25 -114 -120 0
2 24 135 0
-61 -77 117 0
-31 -41 -117 0
5 64 83 0
-47 80 115 0
8 -59 115 0
-5 112 -119 0
-2 -20 121 0
-2 -11 71 0
-47 -87 -115 0
-55 73 104 0
21 35 94 0
-62 93 -134 0
55 87 -104 0
55 105 -127 0
10 28 125 0
-38 71 -124 0
17 54 -94 0
-9 -83 -97 0
68 -85 -141 0
-65 93 -130 0
44 109 -128 0
-12 47 139 0
-22 -69 -121 0
52 -73 -101 0
7 23 48 0
-7 54 150 0
16 -49 62 0
-61 -73 98 0
34 53 93 0
-37 -79 85 0
23 99 138 0
98 -104 114 0
103 -123 -131 0
-2 25 63 0
-98 119 139 0
-30 61 -116 0
30 -64 76 0
-40 95 114 0
26 33 -73 0
15 103 -108 0
-36 50 -129 0
-33 40 54 0
-4 41 -64 0
-18 -89 146 0
66 119 -134 0
-19 -36 -64 0
2 -84 97 0
35 51 -68 0
17 -30 -72 0
-10 73 -140 0
40 47 129 0
-7 -94 100 0
-6 69 104 0
5 6 58 0
15 -83 127 0
-47 -60 71 0
-20 40 90 0
61 83 -90 0
22 -66 -146 0
87 -107 -143 0
16 -82 -112 0
100 -108 -116 0
-59 -100 -133 0
11 -17 -35 0
32 -85 -116 0
-11 -70 119 0
41 -45 -101 0
17 91 -132 0
-67 71 -97 0
31 -80 141 0
-4 -27 73 0
48 50 -66 0
-101 134 -141 0
32 97 -138 0
-24 34 80 0
23 -34 -67 0
64 -142 145 0
14 28 43 0
89 106 -115 0
-32 -117 149 0
11 64 108 0
22 -47 128 0
2 -87 -88 0
20 -53 -74 0
-2 17 101 0
-39 -81 139 0
-40 -45 -88 0
30 51 88 0
-12 -89 -110 0
-61 -103 -141 0
-66 121 -133 0
84 145 -148 0
6 -94 -115 0
-47 104 131 0
-68 96 102 0
24 -26 -130 0
-3 -120 147 0
15 82 97 0
99 -129 146 0
88 113 -118 0
-32 -75 -142 0
9 32 124 0
-17 23 -132 0
1 -3 -31 0
-28 72 103 0
-1 45 131 0
8 -53 -137 0
-46 126 129 0
-32 -54 -150 0
22 102 -147 0
-26 74 135 0
93 -106 -141 0
26 -109 144 0
-21 81 90 0
98 -104 -128 0
-44 -61 -141 0
63 -67 -88 0
10 -31 82 0
-10 44 -126 0
-30 66 -92 0
-89 115 -141 0
26 55 102 0
23 -96 113 0
6 14 -131 0
-90 91 -106 0
-78 126 147 0
4 45 78 0
-15 -42 -121 0
16 123 129 0
27 -51 142 0
103 -124 -132 0
-36 -86 -99 0
-91 -107 137 0
-31 105 -130 0
-79 -114 132 0
-41 116 120 0
10 53 -94 0
96 138 -144 0
143 -146 149 0
9 65 115 0
100 121 -128 0
-15 22 44 0
39 114 -127 0
128 -129 -147 0
64 72 133 0
-73 -76 122 0
41 -63 -83 0
18 24 -129 0
-18 39 -61 0