p cnf 150 900
48 -111 112 0
-66 -73 112 0
-51 149 150 0
-35 -97 135 0
-26 -78 -99 0
6 18 41 0
-76 -96 147 0
-49 -104 108 0
71 113 -137 0
82 127 139 0
-30 -84 150 0
3 -51 116 0
-70 -71 82 0
79 -100 -149 0
-17 -95 -124 0
37 -113 130 0
-22 -97 100 0
-8 -42 -129 0
19 83 -142 0
88 -119 -131 0
-64 121 -149 0
-8 104 -133 0
33 -122 128 0
-29 -112 -146 0
-14 -55 -62 0
-45 53 -83 0
58 -80 117 0
52 -82 147 0
52 -62 104 0
59 -72 -144 0
106 -113 -127 0
-52 63 106 0
44 -45 62 0
17 -34 78 0
6 18 141 0
-113 -125 145 0
9 -50 -61 0
-18 -100 116 0
-38 -120 -148 0
-2 34 -112 0
4 -24 -96 0
45 -49 -142 0
-28 121 -127 0
-19 21 -129 0
73 74 86 0
56 -106 134 0
28 -51 -66 0
27 -69 95 0
41 -128 142 0
-40 62 100 0
17 -118 -124 0
-13 20 -30 0
41 -73 103 0
-24 -62 -140 0
-76 -109 -134 0
43 96 -119 0
-60 -140 147 0
47 48 -54 0
33 -68 116 0
12 74 131 0
-4 29 69 0
-17 39 -80 0
60 -140 -144 0
63 119 -125 0
-15 -55 73 0
29 -45 126 0
23 -74 -122 0
78 108 -149 0
77 85 148 0
48 -51 99 0
-47 69 -102 0
62 96 -140 0
38 -61 67 0
-9 10 -145 0
-7 40 149 0
25 -48 118 0
-1 57 123 0
-23 -64 -124 0
-1 -29 -125 0
-41 68 126 0
-86 100 121 0
-94 -113 -119 0
57 90 -119 0
35 -93 -127 0
42 -43 56 0
-20 -31 -62 0
59 111 -118 0
34 -36 46 0
30 -50 -136 0
-21 -27 -35 0
45 -126 -138 0
71 -110 -135 0
-13 -74 -130 0
-41 -68 -139 0
78 128 130 0
3 -83 140 0
7 -53 87 0
67 -87 106 0
8 13 102 0
21 -76 -94 0
-109 -127 128 0
4 -54 -72 0
59 85 -124 0
55 58 -60 0
-14 -68 -76 0
20 102 -141 0
-70 83 96 0
29 37 92 0
-4 -13 18 0
-45 -102 120 0
-111 127 -141 0
1 -31 94 0
-106 111 -150 0
41 -101 145 0
64 -96 123 0
67 -101 -106 0
-83 -114 -143 0
9 -52 135 0
-44 -77 111 0
82 -84 149 0
-2 -58 -142 0
-40 -50 65 0
-18 -44 120 0
18 -68 143 0
-10 -86 -129 0
5 69 -96 0
20 86 -124 0
33 77 142 0
6 99 -102 0
20 28 115 0
-113 115 -126 0
-71 -132 -133 0
-70 -71 80 0
-24 29 93 0
-29 45 -111 0
-67 115 -146 0
-12 -43 129 0
83 -98 -127 0
27 -68 121 0
47 -72 -90 0
48 -68 -116 0
14 53 61 0
11 111 -113 0
-42 -69 -101 0
-54 -94 137 0
32 -34 108 0
32 -47 -79 0
-56 104 124 0
111 -140 150 0
-21 -32 126 0
4 84 131 0
-18 -80 141 0
-19 24 -34 0
99 103 -109 0
-29 -30 87 0
-58 -102 145 0
-9 -21 -25 0
-78 95 146 0
93 -103 124 0
6 -21 24 0
10 -77 112 0
38 116 -142 0
-52 81 -126 0
8 -59 82 0
39 -67 70 0
-45 -119 135 0
-2 9 -10 0
-25 26 144 0
-10 -47 -70 0
12 -88 145 0
-50 -76 -141 0
74 -85 138 0
-41 47 -140 0
42 72 -78 0
19 -60 72 0
-4 -30 -122 0
-31 -49 -69 0
-54 -131 134 0
79 -126 137 0
-109 -113 147 0
-16 -18 127 0
-78 107 -148 0
24 -114 134 0
27 -82 119 0
30 -107 121 0
11 -112 -123 0
24 -84 -123 0
-21 90 127 0
-5 99 -113 0
-48 143 144 0
-5 -83 126 0
27 61 -81 0
-30 75 -129 0
-23 -51 65 0
22 71 -128 0
50 -84 -144 0
-27 101 149 0
-9 -104 -115 0
-76 79 99 0
16 -110 131 0
57 73 90 0
-5 -6 40 0
-44 -92 -109 0
-48 -67 -76 0
-54 116 142 0
42 -51 66 0
-15 60 -148 0
-80 -93 135 0
-12 -75 -133 0
-8 -105 -110 0
22 24 114 0
-31 -53 123 0
23 -104 110 0
-23 -125 -145 0
49 -78 -108 0
-8 -49 62 0
-26 -77 -110 0
-26 116 118 0
80 -86 133 0
-18 54 114 0
-3 -50 -146 0
-12 -66 -142 0
75 -80 -89 0
-80 -113 -131 0
-6 -117 -120 0
59 90 -110 0
4 115 129 0
-30 -81 -148 0
78 -80 92 0
14 46 -47 0
-58 -72 -134 0
11 -64 -96 0
-18 95 142 0
-66 113 133 0
119 -125 -129 0
11 66 -118 0
-74 -123 -141 0
6 -18 91 0
6 9 -33 0
54 -59 -98 0
17 41 108 0
-2 48 132 0
24 -123 -135 0
91 -112 -149 0
11 125 -133 0
-76 98 104 0
11 60 73 0
24 -50 -81 0
37 -44 125 0
49 79 -105 0
15 41 -77 0
31 61 85 0
-56 -59 121 0
5 34 122 0
-36 -46 87 0
21 -75 -108 0
4 -97 100 0
12 -132 -146 0
38 -39 -119 0
-88 93 103 0
-26 -49 131 0
28 71 -72 0
1 -12 -25 0
-32 102 112 0
67 86 129 0
8 12 82 0
11 -36 -75 0
-7 -82 -117 0
55 -104 139 0
-4 -23 -24 0
16 -44 94 0
-80 -123 129 0
61 70 -126 0
50 -54 -131 0
46 -52 -120 0
16 37 130 0
-20 30 42 0
35 -117 136 0
-9 93 -100 0
-25 53 -142 0
3 -13 -111 0
-57 63 107 0
31 62 -126 0
-9 -34 -114 0
43 83 135 0
-49 -51 -144 0
-58 -112 -122 0
21 -33 69 0
-57 62 -108 0
-9 -29 -45 0
-42 -101 -113 0
-58 -76 -138 0
-11 63 -72 0
-34 51 137 0
-16 113 -136 0
28 -41 -137 0
15 -80 -117 0
11 -27 -68 0
4 111 -121 0
51 52 105 0
42 -48 69 0
26 -50 55 0
16 -23 -101 0
-74 92 129 0
38 -88 -95 0
45 74 -114 0
15 -56 135 0
59 -90 -149 0
-24 43 86 0
-80 -104 -122 0
-45 87 111 0
-40 -55 -100 0
-50 110 122 0
9 -73 104 0
54 -69 -81 0
10 -81 145 0
-25 69 125 0
29 -66 93 0
-22 72 128 0
4 44 84 0
-105 -118 -145 0
-26 31 -109 0
7 48 117 0
-52 -56 -129 0
30 -61 -133 0
32 -53 -138 0
57 102 113 0
91 -123 150 0
22 65 -98 0
-99 114 148 0
11 16 67 0
-12 -61 -126 0
66 131 -137 0
-27 57 101 0
-30 73 145 0
-21 -36 38 0
83 -121 -145 0
-9 -15 124 0
-16 110 118 0
36 -42 -69 0
-45 -60 146 0
-46 -62 69 0
56 72 138 0
-37 41 111 0
-17 42 -61 0
-43 126 -143 0
52 114 -132 0
-32 -87 118 0
-37 77 125 0
-34 -80 -127 0
-25 117 -149 0
-38 67 98 0
22 -29 148 0
-56 -85 145 0
5 -31 -74 0
-38 55 124 0
16 105 124 0
-10 -133 137 0
44 -78 -119 0
57 63 145 0
-44 89 110 0
-4 16 66 0
32 -45 92 0
-43 -73 -145 0
17 -20 114 0
-33 -40 -97 0
63 -94 114 0
-45 -110 -147 0
21 90 123 0
-40 63 -74 0
67 -68 -117 0
-8 27 -144 0
-71 -114 143 0
23 52 -117 0
-5 -87 -127 0
8 -51 140 0
116 -123 144 0
-10 64 129 0
50 99 -142 0
-13 -36 -137 0
-16 -29 43 0
-21 -84 119 0
-47 85 99 0
-32 79 140 0
-15 -59 62 0
14 -106 -140 0
-10 44 -120 0
57 129 139 0
-20 -73 -120 0
82 111 -142 0
57 59 93 0
5 71 150 0
-38 63 68 0
84 87 137 0
-69 -73 -100 0
-36 47 75 0
-19 -123 -125 0
-78 -91 -137 0
29 81 135 0
-12 -94 -146 0
90 117 148 0
21 -84 137 0
97 100 -125 0
-15 17 -74 0
5 -19 117 0
48 52 149 0
-36 -89 -143 0
-3 -108 -115 0
-78 126 -133 0
38 58 85 0
74 -79 -136 0
-8 -87 119 0
-19 83 -139 0
-86 -90 150 0
37 -88 102 0
-58 -76 -86 0
-28 34 149 0
-7 -39 43 0
-13 73 137 0
6 39 -143 0
28 80 82 0
29 67 -112 0
19 49 -89 0
-21 -55 102 0
17 55 58 0
43 111 148 0
15 -56 -85 0
-32 38 123 0
29 100 -131 0
6 41 -82 0
28 71 -106 0
-19 69 87 0
96 -113 -116 0
3 -62 -71 0
4 -120 -128 0
9 -25 -26 0
-18 -91 144 0
2 -39 83 0
75 89 -130 0
-7 -105 133 0
-49 129 143 0
38 -46 -92 0
-4 -98 132 0
-30 41 111 0
-4 71 -99 0
85 -116 131 0
26 136 138 0
67 -70 115 0
12 102 140 0
78 94 99 0
74 -133 -145 0
58 -115 148 0
56 94 130 0
26 -44 57 0
-17 -92 113 0
-78 103 -116 0
40 66 -104 0
-35 -56 -128 0
-32 -74 -88 0
-4 16 -83 0
-21 -33 125 0
35 55 131 0
32 59 -76 0
-59 73 -120 0
55 -65 127 0
-103 -115 -148 0
97 119 136 0
-32 -99 -148 0
-3 13 -76 0
-34 -87 -126 0
16 83 145 0
51 -100 121 0
20 57 110 0
-53 116 -144 0
11 92 -136 0
-77 -88 -128 0
35 108 -138 0
14 32 45 0
-62 66 -132 0
3 89 128 0
-71 86 -98 0
-37 -106 -132 0
-128 -142 145 0
-3 4 97 0
15 38 142 0
88 -122 -145 0
18 -52 -91 0
39 -46 103 0
-86 104 -105 0
-76 79 -132 0
-47 112 116 0
-52 105 143 0
-18 -41 72 0
-17 75 123 0
11 -71 -135 0
30 -44 -115 0
10 -31 62 0
-55 62 -125 0
17 125 -142 0
-14 -37 -145 0
-9 93 137 0
114 -126 136 0
11 51 -73 0
-6 -28 85 0
-82 113 135 0
4 -105 129 0
33 -121 -134 0
34 -71 -147 0
35 84 90 0
-54 -75 -101 0
-85 129 143 0
27 48 -49 0
-50 102 127 0
10 -28 -102 0
38 -127 -142 0
-36 70 115 0
34 64 102 0
42 -71 -138 0
28 107 -136 0
3 -16 29 0
61 96 -125 0
-5 38 126 0
-30 -53 -130 0
81 -94 114 0
-7 -16 52 0
45 -61 -77 0
17 29 148 0
34 -71 132 0
3 36 138 0
61 87 107 0
68 -105 -126 0
33 91 102 0
-21 -60 -148 0
-19 -107 149 0
8 -28 145 0
-56 -124 -130 0
-31 78 -80 0
16 138 140 0
-10 73 77 0
39 83 125 0
72 123 -129 0
-44 -88 126 0
-24 -30 -38 0
-7 -131 145 0
-36 37 -68 0
-6 -91 94 0
-1 -4 -132 0
98 -109 123 0
19 94 100 0
19 -50 57 0
-20 26 -142 0
-28 46 -107 0
18 -50 136 0
-3 57 58 0
37 85 -135 0
-33 -98 117 0
-23 80 -126 0
-15 26 27 0
-45 -73 -131 0
-55 107 121 0
-13 -92 -140 0
20 63 105 0
-70 114 132 0
-20 -80 -108 0
-7 32 62 0
20 130 -139 0
10 29 138 0
-14 17 130 0
100 111 114 0
76 -111 -122 0
66 -121 -124 0
-18 136 -146 0
63 123 131 0
16 -57 -81 0
-67 69 -96 0
5 -59 86 0
69 96 138 0
64 73 140 0
67 111 -136 0
-72 -98 105 0
-95 -103 136 0
103 108 122 0
19 52 -120 0
-68 -74 -105 0
-12 -30 95 0
-16 26 -57 0
21 -71 74 0
-13 -23 -140 0
16 -34 -49 0
4 -27 -38 0
25 87 -132 0
-88 127 150 0
-12 -114 -128 0
37 -104 -146 0
1 -25 94 0
55 86 116 0
-7 -98 121 0
-21 -47 83 0
-46 -49 74 0
-69 -104 149 0
-5 -59 135 0
-53 120 -122 0
28 -67 145 0
-101 112 -113 0
89 -108 127 0
31 56 -97 0
-99 109 149 0
6 11 -13 0
-9 89 95 0
-9 64 -85 0
-6 69 87 0
-66 74 -112 0
-66 93 112 0
5 121 140 0
28 -83 121 0
49 108 -136 0
6 -24 -42 0
9 -21 93 0
-10 77 -101 0
5 13 71 0
80 -99 -119 0
25 94 127 0
-27 -108 134 0
40 -142 -149 0
76 -137 -139 0
-27 -44 -49 0
30 -65 -138 0
-16 -84 -87 0
-77 103 -145 0
95 -106 -117 0
8 73 -111 0
-18 -62 -68 0
-63 -76 105 0
-68 -107 129 0
94 99 144 0
-60 -79 -94 0
-27 -105 148 0
57 97 -106 0
31 119 -139 0
-56 113 136 0
-6 54 -68 0
-48 -49 -86 0
-7 27 62 0
-32 62 109 0
11 56 -116 0
-49 74 -145 0
40 -92 -100 0
-4 -44 -149 0
-25 -78 135 0
7 -49 99 0
-3 116 -130 0
-22 -130 -133 0
-38 -66 -131 0
-4 93 -103 0
125 134 -144 0
-20 94 -118 0
-16 39 48 0
17 -33 -48 0
2 -38 -144 0
33 35 137 0
86 107 126 0
-62 -108 110 0
-6 -86 -142 0
-16 114 -124 0
-58 -80 -111 0
59 111 135 0
51 -85 -145 0
-27 -81 -103 0
-3 48 84 0
-38 58 -82 0
-46 47 91 0
6 -27 -37 0
88 -89 106 0
-75 -131 139 0
59 70 -144 0
56 102 -103 0
-59 78 -148 0
42 -67 115 0
48 74 -97 0
84 -131 134 0
-10 33 52 0
-11 -88 129 0
-13 73 82 0
13 118 -131 0
-1 -125 -141 0
11 -50 -68 0
19 -58 -77 0
38 -52 60 0
-9 72 -86 0
54 79 129 0
-13 -25 -51 0
-50 111 -136 0
-71 74 126 0
-19 56 -148 0
17 25 -96 0
76 121 149 0
67 107 122 0
-21 -72 93 0
-33 -53 -100 0
11 -60 -86 0
-2 -53 -129 0
-46 -90 110 0
-29 44 94 0
-9 28 -113 0
9 -132 -141 0
-119 123 140 0
32 -91 -121 0
6 -52 -123 0
-32 -34 76 0
-75 -84 -115 0
5 -41 102 0
-58 94 -137 0
-73 -96 -121 0
-46 117 132 0
-33 102 137 0
68 -108 -144 0
71 120 -133 0
-10 -41 137 0
-108 109 134 0
-12 32 126 0
64 105 119 0
68 -122 145 0
-32 71 -119 0
-6 -97 149 0
-29 -74 -107 0
-4 -83 146 0
-25 -80 108 0
-14 125 126 0
23 65 -88 0
-31 -43 -115 0
28 48 77 0
30 -47 -123 0
-12 60 -111 0
23 83 114 0
41 -113 129 0
-12 -37 66 0
46 65 -94 0
60 -117 -146 0
-20 -74 119 0
-36 101 113 0
-21 90 103 0
-70 90 -138 0
39 98 126 0
-106 -109 148 0
48 123 -146 0
-57 98 104 0
-45 -113 129 0
20 -76 -126 0
-44 -93 -128 0
73 -96 -139 0
75 112 139 0
-105 -126 -141 0
21 66 -72 0
65 108 117 0
40 96 -113 0
47 68 -132 0
40 74 123 0
12 56 -137 0
-93 104 -114 0
-18 -118 142 0
36 95 114 0
79 116 129 0
-108 109 -116 0
39 121 150 0
-30 -63 -139 0
-17 54 -92 0
47 -76 87 0
-32 -58 140 0
13 -37 39 0
45 -58 110 0
-30 -40 142 0
12 -86 -114 0
53 -126 138 0
78 -96 -128 0
-7 22 -37 0
20 35 -101 0
65 -143 147 0
6 -19 149 0
-4 101 150 0
14 -34 -55 0
-26 32 97 0
-93 -137 -145 0
-34 135 141 0
20 79 -96 0
13 -16 106 0
-15 -68 -70 0
-24 -97 -121 0
19 107 143 0
-31 86 108 0
-81 117 -118 0
-34 -91 111 0
-12 -90 -140 0
-14 -28 140 0
60 98 141 0
-38 43 -120 0
-55 -105 126 0
40 55 87 0
-25 -97 -133 0
-18 50 124 0
9 -44 82 0
26 -65 107 0
55 -91 118 0
-33 70 109 0
-43 126 -147 0
-31 102 -112 0
67 119 -123 0
-3 23 -80 0
-14 -117 143 0
31 -43 -80 0
-34 -107 -144 0
-37 101 122 0
-37 -114 -117 0
-21 106 141 0
-72 -84 -87 0
26 71 -92 0
13 16 -33 0
-66 -69 -85 0
-12 18 118 0
-13 72 -86 0
-18 -20 -55 0
11 -79 -128 0
-47 70 -116 0
39 54 127 0
-22 91 -92 0
-39 103 150 0
28 53 101 0
47 52 70 0
91 -97 120 0
27 117 -141 0
-36 53 -56 0
23 87 88 0
33 -44 -56 0
26 -44 -135 0
12 -93 -108 0
-20 115 119 0
-57 -105 -123 0
50 107 126 0
-2 -8 -46 0
80 124 -125 0
47 -104 -148 0
11 82 90 0
-21 -56 119 0
97 109 148 0
-34 -54 -75 0
-17 -39 58 0
-12 30 146 0
85 -111 -116 0
30 -76 133 0
-50 -121 -131 0
-30 -52 142 0
80 98 -131 0
55 -70 94 0
21 -55 -121 0
77 -83 105 0
-6 115 -125 0
-80 -86 -147 0
-11 -59 128 0
11 -96 -142 0
-69 80 -101 0
-49 107 134 0
-124 -126 137 0
-7 -81 115 0
26 99 -128 0
79 -92 -138 0
20 78 -149 0
23 -105 123 0
46 -70 -96 0
-6 39 -125 0
-17 45 -50 0
-17 41 -122 0
-17 -34 70 0
57 76 -99 0
5 -58 84 0
-123 -125 -126 0
-96 -115 -141 0
27 -130 -136 0
-3 28 -52 0
21 -117 -137 0
74 101 -131 0
-4 95 104 0
-23 40 -117 0
16 141 -149 0
-11 -116 120 0
-51 -102 -149 0
8 -39 93 0
76 100 123 0
-1 -69 -93 0
20 72 112 0
-13 -81 -95 0
8 -57 -147 0
-21 48 -52 0
79 -102 -147 0
7 55 148 0
41 -106 126 0
90 -129 131 0
-38 -54 -58 0
-87 -104 149 0
-40 -60 -68 0
-83 111 -140 0
28 91 108 0