p cnf 150 480
-27 93 -124 0
-55 59 -88 0
91 134 -148 0
-29 -63 -129 0
-4 -38 53 0
7 36 150 0
-90 131 143 0
84 -92 140 0
-48 -71 118 0
-11 -15 -44 0
18 91 128 0
21 -85 -109 0
-64 -80 -144 0
70 79 -91 0
56 76 -116 0
-36 -90 128 0
50 61 113 0
-57 124 131 0
66 -127 142 0
29 -44 47 0
-70 -108 -139 0
-7 -20 61 0
41 109 150 0
63 -126 -138 0
-44 -126 -137 0
-4 78 84 0
-63 -69 119 0
69 106 130 0
-70 77 -149 0
-15 -39 -60 0
-79 96 137 0
48 99 -149 0
-85 -99 116 0
-63 -69 -80 0
19 48 -132 0
-47 66 -144 0
-51 137 138 0
-15 33 -54 0
-102 126 -146 0
44 -89 96 0
42 64 117 0
60 -81 94 0
36 97 -102 0
-38 87 -148 0
54 113 -141 0
-49 -73 79 0
-41 -44 -86 0
19 -44 145 0
7 65 140 0
33 -58 122 0
54 74 -84 0
46 99 -106 0
115 123 143 0
-61 65 -147 0
-39 -60 -105 0
72 80 -82 0
86 106 -119 0
-46 50 -129 0
-43 78 100 0
-90 98 -112 0
-25 -43 126 0
85 -91 144 0
-78 -122 143 0
69 75 -121 0
-13 -52 103 0
-5 -112 -119 0
-20 -36 52 0
61 -87 117 0
-17 87 136 0
-30 -37 -58 0
98 105 121 0
-24 -26 -32 0
-20 -32 50 0
-38 -80 -118 0
-64 75 -141 0
-27 -95 -130 0
25 53 -128 0
45 59 -71 0
89 -104 -122 0
-64 117 -118 0
47 96 137 0
61 85 94 0
-37 -71 -131 0
42 -73 -119 0
9 -112 121 0
-27 28 142 0
46 -98 -119 0
79 -134 144 0
14 61 -148 0
-1 -57 -58 0
-18 52 -71 0
-22 -46 81 0
69 76 -144 0
17 -47 96 0
-35 44 -94 0
7 -52 118 0
16 70 91 0
-31 -105 -150 0
82 -96 -134 0
112 118 144 0
-29 32 67 0
39 100 -110 0
14 37 116 0
75 -107 -136 0
47 80 84 0
-17 80 -113 0
-21 65 76 0
-52 91 -128 0
-1 7 132 0
-22 -52 58 0
66 108 136 0
52 -64 102 0
17 72 74 0
-72 120 -145 0
-50 -135 139 0
-30 -103 -140 0
-17 65 -121 0
11 -81 -128 0
22 76 127 0
13 -27 35 0
2 70 143 0
-36 -62 134 0
6 58 77 0
-79 -85 -142 0
-78 -122 -150 0
-46 79 -115 0
-3 -55 -105 0
131 -141 -147 0
-24 43 83 0
105 133 142 0
28 112 -135 0
-52 83 88 0
-13 16 -20 0
-11 -95 149 0
-10 23 69 0
22 103 133 0
-94 100 -109 0
-6 102 131 0
104 -114 -119 0
42 99 -116 0
25 40 -132 0
55 93 -140 0
80 89 -110 0
-2 -95 -104 0
-11 -90 -141 0
34 -77 -116 0
-17 -96 107 0
43 -45 -76 0
56 -81 -101 0
-2 -13 17 0
-25 -41 -89 0
17 93 -101 0
26 59 107 0
-37 -75 88 0
92 -144 148 0
9 75 -76 0
-1 -44 85 0
-78 89 127 0
13 37 -66 0
95 103 109 0
-23 32 -120 0
43 -76 113 0
10 76 -98 0
-73 78 128 0
-59 95 -144 0
-68 -82 -121 0
24 -73 103 0
15 -85 144 0
3 -39 -107 0
-51 -62 97 0
-95 103 128 0
-16 93 150 0
-52 -83 -135 0
-88 -114 -124 0
-37 81 147 0
-38 84 87 0
46 -87 -113 0
-32 -94 133 0
-84 105 -122 0
-11 -89 -108 0
-53 -108 117 0
-60 66 123 0
33 -118 -126 0
-29 -52 93 0
24 42 -87 0
74 87 -108 0
-48 59 150 0
-39 -87 97 0
-6 -74 -134 0
95 -118 -128 0
-34 -96 -111 0
4 26 -69 0
-18 -36 -124 0
53 -55 124 0
16 125 -135 0
-2 91 125 0
-96 134 -140 0
-13 -50 75 0
18 -27 104 0
53 117 131 0
-21 -62 -97 0
56 -128 -149 0
72 -92 118 0
-50 110 138 0
27 -62 -79 0
-83 107 136 0
19 110 -131 0
10 71 -91 0
-32 41 114 0
-64 116 143 0
26 -76 143 0
-15 30 -31 0
4 43 123 0
74 -103 140 0
-61 79 133 0
96 140 -148 0
-5 68 89 0
106 -131 -143 0
7 55 -57 0
-85 -100 147 0
1 74 145 0
19 27 -52 0
5 -30 -113 0
104 -108 145 0
22 -30 -127 0
110 117 -133 0
48 -81 146 0
-24 -42 -65 0
12 -13 135 0
42 -45 63 0
-27 -44 69 0
91 101 -107 0
6 -32 35 0
1 86 100 0
-24 -114 -122 0
-40 90 -111 0
14 -95 -96 0
54 71 -101 0
-20 -54 -139 0
-67 -68 -141 0
53 55 118 0
55 87 145 0
-6 -62 -102 0
-36 -115 -136 0
-24 41 -105 0
1 -50 -88 0
-5 -61 -142 0
-45 -76 -134 0
-61 84 136 0
-95 -131 -138 0
5 66 134 0
30 96 147 0
20 45 -86 0
-114 127 -133 0
-8 -105 108 0
16 -44 -100 0
33 83 -133 0
-17 74 -92 0
10 22 -147 0
-42 -48 -149 0
28 -66 88 0
17 46 -83 0
27 43 68 0
80 97 132 0
9 -112 140 0
-32 -72 150 0
-59 -79 113 0
31 -52 73 0
-3 48 -77 0
30 43 -84 0
-75 105 -128 0
-3 29 -113 0
26 45 132 0
-39 -70 112 0
35 106 107 0
17 28 83 0
-22 81 -130 0
-8 99 134 0
86 96 117 0
-17 -27 31 0
-51 -100 -142 0
52 -68 -76 0
-19 81 -101 0
34 96 107 0
6 -91 138 0
-4 -65 -122 0
17 -109 134 0
-29 125 141 0
-2 5 84 0
68 -128 142 0
-27 -48 -84 0
15 -25 103 0
17 -79 112 0
-34 -77 -109 0
-3 7 -77 0
-35 -72 97 0
-5 -83 87 0
39 75 -136 0
7 70 110 0
-14 58 -149 0
-19 51 -114 0
-120 123 131 0
-51 -91 111 0
53 128 -140 0
7 -8 -71 0
-39 -44 -71 0
26 55 135 0
-43 109 121 0
124 130 -142 0
31 -55 -88 0
28 -66 -95 0
7 83 -89 0
56 95 103 0
26 -54 118 0
-59 60 103 0
8 -51 -122 0
15 -73 -105 0
36 -70 -110 0
54 58 88 0
-16 -56 98 0
74 99 -124 0
22 -35 -125 0
-25 -32 97 0
12 142 149 0
28 -77 106 0
46 -96 -102 0
53 84 -131 0
-5 10 -123 0
-22 -103 149 0
14 -60 116 0
-1 -52 -60 0
-12 21 67 0
76 -83 -116 0
56 72 144 0
-83 87 130 0
40 -57 97 0
30 111 -150 0
-70 -73 111 0
15 58 126 0
37 80 94 0
15 42 -61 0
-9 -60 -147 0
-10 -87 93 0
-26 63 -148 0
-4 43 148 0
-78 -94 143 0
-7 103 -133 0
-11 -67 82 0
-59 -69 136 0
-24 100 127 0
18 23 -40 0
62 83 119 0
-9 98 -141 0
-75 82 121 0
-17 108 -127 0
3 66 -82 0
-74 -105 -129 0
-61 -71 142 0
-25 37 -88 0
36 80 113 0
-9 -90 -148 0
104 130 147 0
91 96 126 0
-72 -99 -108 0
5 12 120 0
4 45 91 0
18 -97 104 0
20 79 129 0
50 -67 131 0
-43 51 127 0
-15 38 -94 0
-29 -60 97 0
62 -80 100 0
2 4 -75 0
44 -56 -95 0
-51 95 -141 0
-40 45 -78 0
32 35 -47 0
-44 -47 121 0
57 71 120 0
63 -113 135 0
26 107 122 0
-87 -90 -146 0
45 -48 98 0
-52 -69 100 0
44 81 -86 0
19 81 127 0
14 56 -131 0
62 74 83 0
-55 -73 -134 0
78 -119 -149 0
-39 -99 -118 0
-33 -90 -123 0
-49 -93 -122 0
40 -93 132 0
-17 64 -82 0
-16 -34 88 0
-79 122 131 0
-58 -73 135 0
19 -108 -115 0
9 69 128 0
-46 61 -100 0
-20 31 -90 0
-97 107 132 0
-7 -21 143 0
-22 -58 111 0
-35 -106 -122 0
8 -47 -64 0
28 30 -103 0
25 -57 -134 0
19 -43 98 0
2 -59 132 0
-26 -142 -148 0
29 100 117 0
-21 -104 111 0
-40 91 104 0
-9 -98 -106 0
47 -91 125 0
-68 -89 -124 0
14 -83 105 0
-10 70 -93 0
10 -40 -87 0
32 -43 129 0
91 145 -149 0
66 -106 132 0
-35 52 -129 0
6 33 -51 0
-13 68 82 0
13 56 109 0
-48 71 100 0
7 54 107 0
59 -104 -123 0
9 97 150 0
31 93 -144 0
11 16 -115 0
27 -45 -90 0
83 -96 -98 0
-85 -105 -131 0
8 64 100 0
33 -37 66 0
21 -64 -90 0
-92 -126 -137 0
56 100 -106 0
-5 -51 -121 0
-34 82 135 0
78 -79 135 0
50 81 95 0
-43 97 -137 0
5 44 -91 0
45 49 64 0
-43 49 116 0
91 124 -134 0
-38 77 79 0
-36 67 -75 0
-30 81 -124 0
-88 112 -146 0
44 48 82 0
9 -26 -30 0
-31 74 -107 0
-24 66 130 0
13 116 -117 0
-71 110 116 0
32 133 -150 0
-23 64 -119 0
-58 89 120 0
85 114 144 0
-99 126 -130 0
64 82 139 0
56 85 127 0
53 84 144 0
-92 -95 -104 0
-64 128 -141 0
-12 22 48 0
-54 -62 98 0
5 -112 -150 0
17 -69 124 0
35 -75 -105 0
-29 62 -77 0
33 75 -78 0
-20 -80 103 0