p cnf 150 900
12 -97 106 0
84 -140 149 0
-63 76 -122 0
-36 -74 134 0
-11 -67 -71 0
-4 106 -113 0
-9 27 75 0
-36 76 -128 0
4 12 -25 0
47 59 150 0
58 -136 -140 0
-21 -80 -127 0
97 -113 115 0
1 18 20 0
-72 -73 -147 0
104 -118 -140 0
19 -28 111 0
90 -94 -125 0
20 -90 -114 0
45 58 90 0
105 -121 132 0
48 -63 -141 0
43 -81 -133 0
44 71 124 0
2 36 111 0
-1 102 -136 0
-69 -85 109 0
25 -82 -107 0
19 47 -68 0
100 -106 -126 0
-8 43 132 0
5 66 148 0
22 92 -150 0
-42 -55 -138 0
-27 116 117 0
20 38 138 0
-54 100 144 0
-8 61 80 0
14 -87 -146 0
34 -136 -147 0
44 -72 136 0
24 83 91 0
-10 45 -67 0
24 30 -41 0
-6 60 -136 0
-91 114 120 0
-34 37 -66 0
-105 -115 121 0
-1 125 -128 0
34 85 86 0
39 -76 -139 0
-12 31 90 0
12 -21 -37 0
-25 80 149 0
-32 -99 112 0
-83 103 -119 0
-29 66 -141 0
34 73 -130 0
-6 -69 -119 0
35 108 122 0
6 14 -130 0
30 -57 128 0
55 127 -149 0
-53 56 -87 0
42 93 141 0
-31 82 94 0
-16 97 132 0
23 36 -106 0
-81 88 116 0
85 110 -147 0
42 -73 92 0
1 79 -113 0
-65 -75 -85 0
88 130 140 0
27 88 -126 0
31 -103 -107 0
-35 -77 125 0
9 -20 93 0
51 -63 -73 0
-17 -47 55 0
-5 -106 130 0
10 -55 -67 0
-112 -139 -142 0
45 -49 -107 0
51 57 85 0
-50 52 -107 0
-12 -25 -47 0
-47 118 123 0
61 -65 -101 0
-17 -81 -88 0
-16 -30 -54 0
24 93 -128 0
-15 44 150 0
6 97 -128 0
65 -76 91 0
11 -59 -97 0
115 -137 144 0
-46 -104 147 0
-30 -77 141 0
-57 88 -110 0
9 94 -137 0
112 -120 149 0
26 100 -141 0
33 -67 69 0
83 103 -145 0
42 135 -139 0
-75 91 -95 0
-1 -26 113 0
42 62 -99 0
33 37 -130 0
21 -53 121 0
106 140 149 0
34 99 -128 0
50 -118 130 0
-54 91 -150 0
49 72 -99 0
20 64 92 0
15 -143 -148 0
-7 15 -30 0
33 -63 116 0
-75 119 -129 0
5 -44 -100 0
-50 67 81 0
25 83 -124 0
-18 39 -97 0
-62 73 77 0
-8 47 49 0
114 -131 -142 0
5 -130 -144 0
57 -89 -122 0
8 30 -82 0
29 -35 90 0
-96 124 128 0
-68 -132 -149 0
-15 66 141 0
8 -14 83 0
51 -116 143 0
45 -95 -112 0
-84 87 128 0
22 -98 -147 0
95 -126 -133 0
-98 128 -136 0
-58 114 -118 0
-15 63 -72 0
60 93 96 0
77 96 145 0
38 55 -135 0
-6 48 61 0
-24 31 -38 0
-25 -50 -147 0
12 -41 82 0
-45 -78 116 0
-14 -66 -74 0
-26 39 150 0
-62 74 -123 0
101 122 -133 0
67 75 94 0
62 81 143 0
-98 120 146 0
-17 59 67 0
-16 77 138 0
15 -50 -124 0
22 69 71 0
7 -53 -58 0
6 -31 -142 0
-21 29 -92 0
18 -34 -113 0
-47 -58 -142 0
91 -98 107 0
-7 -21 -60 0
62 75 -119 0
-12 76 142 0
-117 129 -132 0
9 -22 121 0
6 17 -69 0
35 69 97 0
97 -116 -136 0
52 -76 91 0
20 -42 -119 0
21 -45 115 0
4 20 53 0
-21 63 118 0
-21 29 -34 0
24 -79 124 0
-64 74 -116 0
-24 -46 -73 0
-60 66 128 0
-67 114 142 0
35 -50 -147 0
8 20 -107 0
51 -115 126 0
17 111 -122 0
-62 92 -125 0
-51 -115 -131 0
9 -38 82 0
30 -86 102 0
48 79 -84 0
-41 -46 -131 0
-25 52 58 0
24 -58 -70 0
-65 119 149 0
48 -79 81 0
-31 -90 92 0
-24 -26 122 0
-28 -51 -83 0
13 -70 -74 0
-15 39 -129 0
87 95 109 0
-66 -71 138 0
30 90 -118 0
-58 -67 84 0
-58 85 -90 0
-25 81 115 0
-73 -108 -122 0
83 -115 133 0
-14 -137 139 0
13 -35 -48 0
-3 -92 100 0
75 -102 -125 0
-75 -88 107 0
-68 141 147 0
77 -86 111 0
-47 71 -124 0
21 42 141 0
64 -119 -133 0
102 119 -120 0
-22 -42 44 0
90 117 126 0
-38 49 106 0
-87 91 -93 0
-14 -52 -88 0
3 95 -122 0
-12 -17 -31 0
-49 -95 -144 0
39 74 76 0
-59 132 -143 0
22 31 -41 0
-42 -81 89 0
24 101 -132 0
-6 -121 -130 0
6 41 -130 0
-9 116 121 0
-4 90 -140 0
-22 -42 -137 0
2 -42 124 0
70 -93 -149 0
-1 24 139 0
-43 49 -101 0
-17 66 76 0
-52 -63 142 0
15 74 -88 0
94 105 122 0
11 -69 78 0
-129 136 -143 0
49 98 -139 0
93 -106 144 0
9 12 14 0
7 32 127 0
-39 82 -83 0
30 83 112 0
44 51 -53 0
30 -130 -144 0
-32 -50 94 0
28 34 95 0
-42 -97 134 0
48 -60 -88 0
71 84 107 0
-1 65 -125 0
37 -97 106 0
-65 -91 -112 0
-102 124 129 0
-27 -67 -74 0
14 33 -121 0
41 52 131 0
-66 73 -80 0
1 -39 -65 0
51 52 79 0
-66 116 -137 0
-18 68 88 0
-11 31 -37 0
-34 -47 -78 0
31 -64 94 0
8 -25 -78 0
-51 78 -143 0
26 -55 147 0
3 -28 109 0
-40 -86 131 0
14 -25 138 0
56 -67 92 0
-64 -67 135 0
2 -106 129 0
42 -97 -98 0
-40 -77 -132 0
-6 -80 139 0
-18 -103 139 0
1 -46 141 0
24 -75 -130 0
-8 98 -104 0
1 -33 106 0
19 -35 107 0
18 89 116 0
-7 -80 -92 0
-20 36 108 0
-22 -88 89 0
24 -62 -111 0
16 44 139 0
-51 -96 -110 0
33 -96 -101 0
-1 89 -130 0
48 51 73 0
76 114 -122 0
31 39 -61 0
-90 99 139 0
-23 -90 118 0
5 -35 -75 0
-36 62 104 0
49 -69 94 0
-23 98 108 0
65 -76 138 0
55 -102 -130 0
38 41 94 0
-84 109 146 0
-85 141 -145 0
62 -108 134 0
-22 30 95 0
-44 79 98 0
-53 -85 122 0
67 -85 121 0
-37 114 -143 0
50 75 141 0
-46 -77 95 0
75 78 -90 0
-19 -97 -128 0
-88 -115 -141 0
-84 129 139 0
106 118 133 0
-4 -87 125 0
61 -67 124 0
-54 133 143 0
4 -10 -41 0
-17 -52 -79 0
77 93 -146 0
63 -128 146 0
16 123 -138 0
-25 44 75 0
-35 -60 73 0
-1 94 -146 0
23 51 128 0
-45 127 137 0
-106 -117 129 0
-42 89 -117 0
83 -107 -147 0
38 -112 -128 0
17 89 -130 0
-49 -129 -145 0
20 127 -140 0
-12 -138 140 0
-39 -47 129 0
18 101 -146 0
90 -123 125 0
-72 -78 -101 0
-24 33 -79 0
-44 -121 -126 0
-54 63 -65 0
7 94 144 0
-76 -78 98 0
-73 -91 -116 0
-27 115 -119 0
10 42 108 0
-12 45 74 0
-5 -43 -132 0
18 51 -55 0
15 28 -133 0
-23 -55 -138 0
-7 -94 -121 0
-1 -47 102 0
-31 76 -97 0
-54 -138 139 0
9 30 -118 0
-25 29 -129 0
21 -146 150 0
-18 85 123 0
-1 -2 131 0
-20 -63 80 0
-5 -41 -102 0
45 -51 -91 0
93 -100 -146 0
47 -63 -135 0
104 135 139 0
76 -85 -99 0
-42 75 127 0
-15 -35 -133 0
52 128 148 0
1 -15 106 0
-4 -80 101 0
-35 114 -128 0
-75 86 -133 0
100 108 135 0
52 -111 134 0
53 63 -122 0
-58 -84 -114 0
-15 101 -113 0
-51 -89 129 0
90 -94 -133 0
-102 134 140 0
53 101 -149 0
84 -133 -141 0
-71 -96 123 0
14 -20 68 0
36 72 145 0
-10 -55 117 0
-43 -67 -147 0
-20 -66 79 0
7 11 75 0
-26 86 -104 0
-41 51 -125 0
35 45 -70 0
-4 62 -141 0
-86 -114 142 0
-5 -64 143 0
-10 47 63 0
-42 61 -130 0
-50 121 143 0
-27 -60 -83 0
-91 -96 147 0
39 57 149 0
-15 -97 115 0
-34 39 71 0
-32 -44 110 0
-26 -88 -104 0
-64 -101 130 0
-24 -33 -137 0
-4 -16 -48 0
36 -59 146 0
22 -82 83 0
-87 110 -148 0
26 43 150 0
-98 -142 -149 0
28 -91 131 0
-26 138 147 0
29 -100 -103 0
-15 -106 -146 0
-37 -112 146 0
-92 -106 -135 0
-29 -117 -134 0
7 -84 122 0
16 105 142 0
89 113 137 0
80 -82 -114 0
-32 71 -94 0
32 72 128 0
2 37 -109 0
-61 64 -150 0
-81 112 -148 0
-24 130 -135 0
-41 -71 90 0
82 91 -122 0
-34 -49 73 0
-7 -102 -150 0
5 33 95 0
39 -92 -111 0
-49 -120 -131 0
1 26 -147 0
-14 29 90 0
-6 23 112 0
-73 -92 -99 0
79 -135 145 0
43 -69 -125 0
-87 -100 113 0
-80 -85 -131 0
28 -64 -143 0
61 117 -149 0
-42 44 -95 0
-10 -28 94 0
-8 18 -100 0
88 141 145 0
67 -71 141 0
-121 -147 150 0
88 92 -128 0
49 73 123 0
-60 -84 -122 0
-24 -49 -115 0
16 -67 -79 0
-64 -142 -145 0
11 123 127 0
-47 77 133 0
35 41 -90 0
-28 96 113 0
126 132 -134 0
-100 116 150 0
-9 -59 -147 0
-35 86 109 0
89 -95 118 0
25 52 -67 0
-39 -116 139 0
-43 -78 -97 0
19 -32 -106 0
-14 129 132 0
-5 20 -72 0
-12 72 -78 0
29 90 95 0
48 -89 -93 0
64 107 147 0
28 58 134 0
-60 69 133 0
-24 72 -150 0
2 85 -87 0
-9 25 117 0
-26 -31 135 0
-101 -110 -120 0
31 57 -121 0
-44 -125 129 0
68 -75 89 0
24 -61 78 0
47 -74 -79 0
51 -75 -95 0
-70 -105 -134 0
93 122 -132 0
-15 -21 28 0
-39 63 104 0
-11 89 98 0
75 -82 117 0
-2 85 119 0
22 139 146 0
4 20 -63 0
24 -38 100 0
-18 -83 97 0
-3 -51 104 0
-58 123 -127 0
106 130 -138 0
-65 87 135 0
-22 66 -110 0
43 90 -144 0
2 25 -75 0
-9 -35 95 0
-14 -35 -144 0
-94 -127 -143 0
-61 62 88 0
-33 39 121 0
-8 -64 -97 0
22 117 -125 0
55 71 113 0
-35 49 -149 0
1 76 -139 0
-69 104 148 0
1 -108 -111 0
12 -78 -120 0
-51 99 102 0
50 -66 -145 0
-103 -134 141 0
53 -66 115 0
47 -63 93 0
-72 -95 -132 0
41 121 -138 0
-34 -41 126 0
40 -72 -142 0
-89 94 -109 0
-10 -94 95 0
-12 58 -92 0
-19 84 135 0
-23 28 -41 0
4 47 58 0
-3 -71 126 0
-70 -122 -146 0
47 -76 133 0
-4 34 -95 0
22 86 -117 0
83 147 149 0
30 -42 -53 0
33 -125 139 0
5 -28 46 0
-108 128 -150 0
-82 100 120 0
-47 -52 120 0
-5 -53 136 0
-48 -60 140 0
26 120 121 0
64 73 81 0
-20 58 -88 0
103 -134 136 0
-58 108 146 0
-38 -99 -126 0
-37 133 -148 0
-6 -61 63 0
-30 67 113 0
1 -11 -146 0
50 72 83 0
74 -83 -130 0
-47 133 140 0
16 45 -70 0
61 -85 140 0
-19 51 105 0
-4 -27 -60 0
14 58 -69 0
34 -54 -74 0
36 40 -120 0
-34 142 -146 0
90 93 144 0
-1 29 -112 0
33 66 146 0
-58 -129 -142 0
65 102 -111 0
31 -127 -144 0
105 -112 128 0
6 83 -147 0
37 83 113 0
52 -61 109 0
-8 -25 -136 0
-4 -81 -116 0
-3 -37 -125 0
-9 -97 -147 0
34 -86 140 0
-2 -21 -76 0
-91 120 -132 0
33 43 -104 0
54 115 116 0
4 -17 85 0
87 99 -124 0
-32 -40 -88 0
101 117 -133 0
2 140 -149 0
29 63 -104 0
9 -79 88 0
-14 -71 -89 0
21 95 -143 0
-44 -90 96 0
7 77 -134 0
116 123 -137 0
-94 -124 -142 0
-8 -12 -146 0
-39 82 144 0
-20 -46 -121 0
6 -68 -71 0
-40 -47 -94 0
1 -15 -104 0
25 -42 -92 0
2 -43 128 0
-65 -66 90 0
98 127 -148 0
14 -77 -102 0
57 -59 141 0
-75 -105 -139 0
41 119 143 0
-9 -19 -127 0
36 -37 129 0
19 -76 -128 0
65 -87 -127 0
-73 110 -134 0
22 -32 -89 0
12 62 146 0
-37 -95 104 0
-53 -81 -135 0
42 -75 140 0
58 -101 142 0
52 58 92 0
-32 41 146 0
-35 -40 111 0
-17 -57 -113 0
20 -43 -73 0
-23 26 119 0
51 76 -128 0
-14 -50 -68 0
-6 22 -34 0
72 -82 109 0
-68 135 143 0
65 -116 -119 0
-58 99 -142 0
-5 120 134 0
-57 -95 145 0
4 -75 -82 0
59 -73 140 0
-52 -85 -150 0
-65 121 -123 0
-78 106 115 0
77 111 -118 0
3 -95 136 0
23 28 -31 0
81 -131 132 0
-9 33 -75 0
-110 -135 -148 0
-93 -141 148 0
92 -93 -122 0
11 16 119 0
-55 -144 -147 0
-76 81 -84 0
-22 115 149 0
-10 -28 65 0
71 100 145 0
-5 72 131 0
16 -35 119 0
-1 54 107 0
2 13 137 0
-7 56 99 0
-65 -89 125 0
-5 61 -117 0
-10 15 -84 0
-9 -18 43 0
-14 21 56 0
4 -10 40 0
-64 75 -126 0
54 70 91 0
47 57 -142 0
31 36 46 0
114 -122 -148 0
-2 95 -147 0
101 107 142 0
-45 64 123 0
42 -62 138 0
-41 -89 -142 0
46 107 -144 0
32 88 -136 0
26 36 -58 0
-61 -70 -88 0
-9 -71 96 0
-1 -51 -141 0
-51 -70 77 0
-36 -61 99 0
-20 -43 96 0
75 101 -122 0
112 122 126 0
41 -76 -142 0
-41 83 128 0
101 134 140 0
10 -107 -120 0
60 -64 -131 0
6 27 -89 0
-89 -106 -131 0
-113 -136 -146 0
-66 -79 145 0
-21 52 -134 0
16 96 -100 0
15 62 137 0
50 -63 120 0
13 70 116 0
25 -39 -113 0
48 -75 99 0
-71 120 -138 0
-51 -59 91 0
-6 -121 142 0
-13 -18 150 0
27 -97 147 0
104 -129 143 0
38 42 -116 0
-54 -56 110 0
-50 -86 92 0
-46 -144 -147 0
74 82 146 0
58 124 138 0
24 73 74 0
92 93 -116 0
-5 -99 109 0
-35 39 -114 0
6 41 -117 0
-40 -66 -84 0
17 87 107 0
-28 -40 -147 0
-3 -42 135 0
28 29 -49 0
-42 -65 140 0
14 136 -140 0
-6 90 91 0
-79 108 -128 0
-7 -11 94 0
24 67 -79 0
-62 -82 134 0
-112 118 -147 0
-37 -119 133 0
-17 103 -138 0
-40 49 50 0
15 -122 140 0
42 87 -98 0
-3 5 94 0
-5 -31 32 0
3 -96 111 0
-83 -88 -110 0
-104 132 -148 0
-42 -75 141 0
-59 -79 -87 0
-24 -76 -116 0
29 65 -118 0
-81 -112 149 0
80 101 127 0
64 -78 117 0
-44 -85 -98 0
85 125 -132 0
5 -68 -100 0
-18 28 133 0
59 71 -91 0
-17 -21 -113 0
-39 48 -98 0
-18 58 -110 0
-28 -85 86 0
1 -77 127 0
12 -120 127 0
-67 -143 -146 0
-110 114 132 0
-15 18 -91 0
22 -38 -79 0
-57 58 -136 0
-14 -49 98 0
8 -16 113 0
78 -114 -129 0
42 -47 77 0
47 -130 -133 0
-13 18 72 0
104 -107 -131 0
17 -24 115 0
-48 -84 -125 0
-38 -45 92 0
14 41 74 0
19 -24 125 0
103 -114 146 0
10 -97 -145 0
-29 -63 -137 0
79 -81 118 0
-37 91 118 0
7 64 -69 0
-40 -104 -116 0
130 135 -140 0
-41 -122 147 0
-58 -109 -134 0
75 85 -109 0
70 -90 145 0
40 -55 112 0
24 28 108 0
-42 -64 74 0
-3 65 70 0
65 -80 -124 0
126 134 146 0
78 -90 125 0
103 106 146 0
-25 -53 -65 0
-7 17 -116 0
-1 -28 106 0
12 -130 141 0
66 91 -123 0
17 -36 -96 0
25 -76 -132 0
-56 70 -141 0
-6 -47 -121 0
28 48 49 0
-72 89 -137 0
28 32 78 0
-11 -104 105 0
-45 -72 -124 0
-47 -88 -95 0
-10 78 -136 0
16 60 127 0
-16 -27 -111 0
34 35 46 0
-32 55 -94 0
14 46 139 0
8 48 -83 0
37 -38 -94 0
5 55 -140 0
67 -99 114 0
-6 113 -138 0
35 58 -118 0
-19 57 111 0
23 -24 -139 0
-95 106 -150 0
-99 117 140 0
-16 -105 123 0
-3 58 -94 0
39 -85 -135 0
-5 -15 -72 0
-31 76 135 0
-23 -79 105 0
-41 -64 105 0
-2 -121 -143 0
88 134 148 0
76 125 -134 0
-44 -94 -132 0
67 70 108 0
-21 106 -142 0
-55 -96 122 0
4 -44 -46 0
3 -27 63 0
35 66 -76 0
29 -43 85 0
-38 -115 -124 0
98 113 150 0
14 -52 98 0
-74 -107 118 0
-63 127 135 0
-7 77 87 0
37 -87 112 0
-17 -32 -149 0
-41 -84 -129 0
-29 33 78 0
-1 -94 133 0
42 76 126 0
-47 69 139 0
15 -82 -90 0
-5 105 138 0
-13 97 -126 0
-86 90 94 0
72 -76 -128 0
14 -49 51 0
23 -101 140 0