p cnf 150 720
-5 -60 -102 0
-29 134 -142 0
10 -58 -145 0
7 -33 -85 0
-30 -69 121 0
-71 74 83 0
-25 -52 -97 0
57 76 -102 0
-30 -61 104 0
19 -63 -72 0
24 -114 148 0
-44 63 74 0
-28 66 139 0
-51 -129 -148 0
-2 -44 52 0
7 31 71 0
2 -10 -68 0
-31 -48 -57 0
-33 128 138 0
1 -98 116 0
-26 80 133 0
-86 115 -139 0
3 -26 98 0
-28 -98 141 0
13 102 114 0
14 59 114 0
17 66 124 0
-4 50 -140 0
43 131 -132 0
27 -29 -118 0
-43 58 -78 0
-2 -68 -130 0
19 -75 115 0
15 -111 -122 0
-41 -49 79 0
-78 85 113 0
2 -97 -135 0
86 94 -133 0
-19 -62 103 0
14 20 -45 0
2 3 -71 0
19 117 120 0
4 28 143 0
-28 -115 -142 0
-20 -93 125 0
-121 123 -147 0
-76 79 -137 0
-23 64 -124 0
3 -101 135 0
-47 -76 -112 0
-1 97 118 0
-12 -95 -105 0
8 -34 -135 0
75 117 -139 0
3 -11 29 0
-35 127 -141 0
40 -54 141 0
54 -71 98 0
3 101 133 0
23 142 -146 0
-76 124 -132 0
17 104 137 0
-67 -130 131 0
-68 -128 -145 0
-1 -85 -141 0
25 -33 138 0
-30 -49 -75 0
-31 -40 -102 0
-6 -15 33 0
4 102 117 0
15 53 -136 0
41 80 -143 0
60 -62 69 0
-49 -83 -96 0
38 84 122 0
-112 118 137 0
-81 -101 -117 0
98 128 -137 0
-28 100 134 0
2 -75 -148 0
-11 -75 110 0
102 116 -146 0
85 -86 113 0
-2 -62 -64 0
-28 -82 113 0
-69 -84 148 0
-54 87 -126 0
82 111 -148 0
41 -73 77 0
31 66 97 0
-3 30 93 0
-27 40 91 0
10 -42 -47 0
50 129 145 0
8 99 -121 0
-34 -52 -110 0
8 11 -62 0
59 102 129 0
-22 51 -61 0
58 -62 -83 0
5 40 -95 0
49 84 -103 0
-47 -78 -100 0
14 36 -66 0
15 77 -139 0
-94 -101 -110 0
-54 -61 62 0
-56 84 124 0
26 -93 -108 0
38 -44 -98 0
26 -91 -118 0
-75 -109 -111 0
-21 -29 133 0
17 -33 -130 0
47 59 144 0
38 90 134 0
56 -66 139 0
-97 148 -150 0
-6 115 -138 0
38 58 -148 0
-44 62 119 0
-4 50 -106 0
71 88 -94 0
43 94 -104 0
-94 125 150 0
76 99 119 0
7 66 -134 0
4 -16 113 0
16 39 136 0
35 82 98 0
-74 -83 119 0
33 46 127 0
17 45 -134 0
1 116 -141 0
-21 -42 -96 0
39 114 147 0
28 -102 -144 0
29 41 -105 0
4 -11 -102 0
72 110 135 0
38 -70 -83 0
75 99 149 0
-65 -106 -150 0
-51 -105 -106 0
-42 -48 141 0
-77 -100 104 0
-26 137 140 0
19 -40 -77 0
47 85 -92 0
85 122 -125 0
80 98 -132 0
115 -121 -126 0
4 40 89 0
-75 -102 -125 0
-60 85 -134 0
34 58 -134 0
15 56 109 0
95 100 -103 0
18 -47 107 0
-131 133 -139 0
-71 -77 -86 0
-53 -55 -128 0
-59 126 -132 0
-12 -57 115 0
-19 -28 -41 0
-100 -116 -121 0
-69 -82 102 0
-82 132 148 0
67 -87 -100 0
14 -27 133 0
-6 11 37 0
-36 -52 124 0
-41 -59 -111 0
6 115 142 0
41 79 82 0
17 18 -23 0
16 71 143 0
4 -46 123 0
34 -77 -106 0
-85 -132 145 0
68 -83 130 0
29 -76 -125 0
-70 73 144 0
-4 123 135 0
9 25 132 0
12 79 144 0
76 -118 -136 0
-39 52 -66 0
17 -80 -140 0
14 -26 119 0
64 -140 -150 0
12 -119 128 0
35 47 -65 0
5 16 -101 0
57 -89 -119 0
-27 -55 -73 0
67 129 136 0
57 97 130 0
24 84 129 0
-66 -75 -131 0
-69 -72 138 0
-23 -52 -90 0
-43 -72 101 0
24 -91 104 0
1 -70 -128 0
-27 47 -91 0
29 107 119 0
-15 -54 -55 0
60 -111 -148 0
-16 126 142 0
-32 130 136 0
-76 89 -123 0
35 -105 146 0
-19 23 99 0
11 -90 126 0
34 104 -148 0
-1 -104 -133 0
-8 -19 35 0
-3 51 -54 0
-52 65 -129 0
-55 -66 99 0
-23 68 74 0
-12 -34 -72 0
14 -20 96 0
-45 62 -127 0
51 -81 132 0
-1 23 -116 0
-1 27 62 0
5 14 -106 0
26 91 -99 0
46 -81 116 0
-67 -111 146 0
4 -44 -141 0
85 -113 116 0
27 -41 82 0
-83 -96 125 0
14 -84 110 0
-73 127 -138 0
2 -68 -85 0
-50 -94 -113 0
-38 -127 -129 0
3 61 -131 0
32 -40 -83 0
13 17 96 0
-7 -86 106 0
-21 -63 119 0
34 96 107 0
45 144 146 0
42 64 96 0
-24 -42 -112 0
-50 -114 -124 0
-38 -107 -145 0
49 -51 109 0
-16 54 80 0
-22 61 -85 0
30 -93 -133 0
-49 -119 -122 0
67 78 102 0
-19 74 147 0
21 46 80 0
-26 -37 42 0
26 57 -143 0
40 -80 -95 0
82 -86 116 0
9 -69 134 0
46 115 140 0
-19 25 79 0
-28 -79 84 0
-20 28 98 0
10 -82 -111 0
42 88 127 0
-50 73 -95 0
-51 79 98 0
15 -55 -85 0
27 -41 47 0
27 36 -57 0
8 -51 87 0
33 -60 -144 0
-44 -51 111 0
-8 -57 85 0
-97 109 114 0
-66 84 -109 0
61 -102 -127 0
31 -61 -84 0
-89 92 -143 0
-2 5 8 0
-38 -48 -104 0
31 -85 -128 0
-24 81 -103 0
-35 62 97 0
20 41 104 0
26 66 82 0
46 -70 129 0
21 -91 141 0
72 78 115 0
-67 -71 -116 0
-31 66 -111 0
61 -137 138 0
40 -41 56 0
27 -129 -143 0
63 109 116 0
18 115 127 0
-53 97 -102 0
-38 -106 -124 0
19 -75 149 0
-31 -66 -87 0
16 30 -99 0
-30 -134 -150 0
-7 -110 121 0
-51 -102 -120 0
87 -104 -110 0
-18 72 87 0
53 69 147 0
31 95 -131 0
100 -139 143 0
-9 -46 52 0
-5 -36 57 0
38 50 -87 0
-23 -69 -73 0
-48 121 148 0
8 -87 138 0
-18 33 118 0
11 24 145 0
21 -80 -119 0
-89 121 -140 0
127 131 -139 0
-5 96 -149 0
-12 13 15 0
45 48 -71 0
-40 60 90 0
66 114 -123 0
62 68 133 0
20 39 -68 0
63 -102 -127 0
-9 21 127 0
-9 64 80 0
-15 100 134 0
67 116 128 0
59 63 -127 0
100 -122 -142 0
-63 89 103 0
80 -87 102 0
-51 -101 118 0
-65 -66 -120 0
12 88 115 0
61 130 148 0
-3 -40 86 0
-72 128 -146 0
1 17 70 0
-31 -76 -108 0
56 75 -118 0
10 -30 34 0
10 -116 138 0
-20 -123 -138 0
61 73 93 0
-73 -116 144 0
74 81 150 0
-62 65 -135 0
16 104 124 0
-13 -88 -125 0
44 -82 -102 0
-5 -128 147 0
-71 -86 114 0
86 -103 -129 0
60 74 -111 0
80 104 130 0
-15 -33 122 0
-101 122 -124 0
-3 -25 -46 0
-22 -68 -120 0
35 101 -140 0
4 125 -126 0
54 -79 94 0
-37 62 -133 0
16 -66 116 0
13 -86 -139 0
-27 -45 -46 0
-26 45 109 0
-89 -96 -108 0
2 -90 -104 0
-77 95 111 0
-36 -146 150 0
-61 82 -144 0
-36 110 126 0
-39 129 134 0
22 -124 146 0
31 70 82 0
-5 -48 -100 0
35 -117 129 0
35 -49 86 0
97 114 -126 0
-104 -108 124 0
120 -122 148 0
-17 -50 -134 0
51 77 -98 0
-11 -73 -145 0
2 32 -56 0
-39 -52 -143 0
-119 -131 148 0
107 -120 147 0
44 -52 136 0
7 55 -137 0
-33 78 -116 0
13 127 145 0
-6 -65 -129 0
-45 86 -141 0
-19 60 -93 0
-24 49 116 0
12 127 -141 0
-15 -35 94 0
-71 81 -131 0
-55 -57 59 0
-37 -78 -147 0
1 -9 -34 0
-34 -52 68 0
48 108 123 0
-74 80 -150 0
32 95 -135 0
31 -104 138 0
36 91 -125 0
16 -37 -105 0
-13 46 -51 0
42 -117 -132 0
14 -39 -64 0
-19 58 -64 0
-7 24 74 0
-47 -58 81 0
30 -53 141 0
26 -33 -51 0
-106 -123 -133 0
-76 -104 138 0
-1 -4 -41 0
-1 -12 38 0
-84 -120 -135 0
25 68 116 0
-69 -130 -142 0
-73 -78 -149 0
96 110 140 0
4 96 150 0
-26 45 97 0
13 -80 -116 0
-15 72 -124 0
40 102 -114 0
-98 -130 148 0
79 -91 -123 0
-38 -67 84 0
99 -103 -143 0
12 52 84 0
15 17 89 0
-63 -71 -136 0
56 -85 126 0
-17 -41 131 0
31 60 94 0
-81 -100 113 0
19 -36 47 0
-41 47 -134 0
37 -134 140 0
13 31 -81 0
11 76 109 0
-18 -38 -103 0
-99 129 -134 0
4 105 124 0
-28 -70 -116 0
-26 114 -140 0
-13 -46 -140 0
65 95 142 0
69 97 -103 0
34 -80 -110 0
70 110 -114 0
-61 -67 -105 0
12 35 -63 0
-39 94 -121 0
-8 93 119 0
-55 -85 -130 0
-12 -95 -141 0
-60 -128 145 0
-97 103 -122 0
-12 25 30 0
16 37 -87 0
73 79 103 0
32 -33 -39 0
21 -30 -32 0
48 -65 -116 0
-53 63 -128 0
80 -87 134 0
16 25 -39 0
100 109 -124 0
-26 -131 -148 0
-5 -22 -33 0
-31 55 -76 0
70 -93 121 0
40 105 -149 0
8 -20 34 0
-10 59 113 0
2 -93 -104 0
-25 53 -95 0
-10 -133 -149 0
15 -116 145 0
-4 -77 147 0
37 -86 -142 0
-25 36 145 0
-58 -70 -92 0
87 90 -110 0
-3 36 -43 0
125 -126 142 0
-29 40 87 0
-76 132 141 0
-109 117 -130 0
-22 33 58 0
3 -19 -131 0
-11 56 74 0
20 -39 120 0
-14 51 -72 0
-17 98 -136 0
11 20 97 0
-12 82 -121 0
-86 -96 -140 0
-65 -72 -141 0
-37 81 -96 0
19 -28 -92 0
30 -79 -96 0
-8 38 69 0
-36 50 -115 0
66 -100 119 0
76 79 123 0
-29 -97 142 0
92 -112 116 0
88 -115 139 0
5 11 67 0
-61 -148 -149 0
57 -63 107 0
-36 -114 -127 0
-2 23 -135 0
-3 -20 74 0
-23 -58 -113 0
41 -89 -98 0
54 -95 142 0
33 42 69 0
-17 -27 89 0
66 101 -118 0
9 26 -145 0
21 -123 146 0
15 43 -75 0
-12 -56 125 0
22 28 -68 0
-10 47 -57 0
17 115 135 0
-17 31 -121 0
-11 -41 82 0
-25 46 -95 0
42 -90 140 0
-17 -76 -134 0
85 -100 -131 0
38 93 141 0
-8 86 -141 0
37 -84 -126 0
24 64 -113 0
8 17 -35 0
-43 -48 121 0
13 37 141 0
39 99 -123 0
16 -73 -90 0
-2 80 130 0
77 -88 -98 0
69 -77 142 0
-1 89 -130 0
-39 -48 149 0
25 69 133 0
30 -107 111 0
88 -100 147 0
-5 -74 95 0
19 -56 -143 0
19 -24 -85 0
-3 -46 -105 0
75 80 145 0
-82 102 142 0
32 93 144 0
75 130 -131 0
22 -84 142 0
91 -118 130 0
58 -64 -113 0
-24 47 -117 0
9 38 -127 0
-69 -95 146 0
-13 44 -149 0
9 -19 -134 0
55 -66 -103 0
-57 60 68 0
-9 -77 -88 0
-73 -109 142 0
44 -61 -92 0
-47 54 -149 0
38 -80 -104 0
-54 82 -134 0
-24 55 126 0
-15 35 48 0
39 -124 129 0
24 -113 138 0
9 36 -126 0
9 11 137 0
5 -37 117 0
-9 96 -121 0
-30 -55 -108 0
-17 35 95 0
-16 62 -124 0
-103 138 -144 0
-74 107 109 0
-61 -86 92 0
53 94 -149 0
-59 86 104 0
-2 -38 -116 0
-6 53 -131 0
35 -67 109 0
80 -129 144 0
14 57 141 0
93 -119 123 0
-26 -62 148 0
90 113 -139 0
-20 -38 78 0
99 -116 -147 0
-1 9 -71 0
-44 80 89 0
-32 72 139 0
15 18 -78 0
-105 -112 129 0
13 73 -80 0
-27 35 106 0
-11 72 -130 0
15 -52 73 0
-89 123 -124 0
-3 94 -108 0
78 -84 125 0
-62 107 120 0
-10 71 -107 0
-6 -28 -85 0
-7 -59 -110 0
-9 56 126 0
-67 -108 142 0
90 138 -148 0
-17 47 -85 0
17 -46 80 0
30 101 114 0
73 -78 -98 0
68 -106 -120 0
16 -29 143 0
31 -32 -141 0
133 140 -145 0
-66 -100 -126 0
3 -12 111 0
90 93 120 0
6 -26 -81 0
-74 93 -96 0
12 23 131 0
33 44 51 0
36 -112 -119 0
103 104 -111 0
35 133 144 0
45 76 112 0
21 -107 -119 0
-3 60 75 0
51 -55 136 0
-73 -80 -129 0
-35 -78 118 0
-29 -72 80 0
21 -75 -146 0
39 104 -142 0
-6 13 -96 0
35 -44 148 0
37 71 100 0
39 -110 -133 0
-107 127 -134 0
-16 26 -117 0
-18 -25 -145 0
-36 62 101 0
-36 -91 -99 0
-31 42 -71 0
-20 -48 -148 0
-54 -62 -101 0
47 -67 -131 0
74 97 -103 0
12 -20 104 0
-36 66 -102 0
-28 94 129 0
-43 110 139 0
-36 54 -143 0
7 -37 -97 0
-17 88 -108 0
71 -98 -124 0
-33 -48 -61 0
-32 52 145 0
-41 94 -147 0
20 117 -122 0
-37 -42 -150 0
-13 67 119 0
81 137 -150 0
-3 103 -143 0
-51 53 -65 0
88 127 -148 0
38 -61 111 0
22 44 -106 0
-28 29 -137 0
-29 -99 -101 0
46 57 -69 0
-4 28 128 0
-12 -82 -141 0
-11 -91 -98 0
24 -61 84 0
-87 97 -99 0
85 103 -120 0
43 67 -113 0
104 -106 -140 0
8 41 -120 0
56 75 90 0
-36 -58 -76 0
-83 -123 127 0
35 88 98 0
-9 -53 75 0
-49 107 122 0
-32 33 -92 0
-2 19 147 0