p cnf 150 840
-97 -105 142 0
22 33 -63 0
-56 -113 114 0
10 -91 -150 0
-79 89 -121 0
24 -61 -128 0
-56 -93 132 0
-6 13 114 0
-28 -52 -92 0
25 -32 37 0
12 43 -97 0
105 109 141 0
4 -62 -144 0
-34 57 -132 0
-64 -71 100 0
-1 27 -130 0
-4 76 138 0
-18 -67 -107 0
-26 -31 -45 0
-9 63 -126 0
-81 102 130 0
18 -30 31 0
1 112 -122 0
6 -12 127 0
-69 106 120 0
-44 -82 -149 0
15 22 -125 0
-61 122 -145 0
118 142 -148 0
-59 -105 150 0
-93 -100 -147 0
-51 -53 140 0
-52 -106 -117 0
-5 -87 -142 0
-26 95 -109 0
19 -120 -122 0
7 23 -61 0
-68 106 150 0
49 85 116 0
-34 -75 148 0
87 113 -114 0
14 42 70 0
22 67 133 0
-8 24 144 0
36 -66 95 0
-18 -32 -54 0
27 -88 141 0
54 -121 147 0
48 -57 65 0
-48 -106 -107 0
58 -98 -115 0
23 94 130 0
72 111 -134 0
-27 -43 74 0
-52 -56 111 0
5 -50 52 0
22 44 -79 0
42 53 145 0
3 109 -135 0
42 -100 147 0
-4 47 52 0
21 83 -91 0
10 50 -69 0
-63 -123 -132 0
-87 143 -145 0
48 -114 -120 0
-21 -95 107 0
28 -119 136 0
-50 106 -109 0
51 -117 137 0
81 -82 126 0
3 -24 98 0
8 92 146 0
49 -115 123 0
5 -14 61 0
28 54 -108 0
-32 47 -136 0
25 94 144 0
64 -99 128 0
10 66 -88 0
-121 125 133 0
-18 66 79 0
47 65 126 0
63 93 -129 0
14 75 136 0
10 69 -142 0
-14 -96 -118 0
25 90 135 0
-21 69 124 0
-14 57 -94 0
46 -55 72 0
-10 -34 94 0
96 98 145 0
87 -90 -142 0
-13 -68 -120 0
-9 -89 133 0
-29 -55 -71 0
63 -74 148 0
101 -106 -143 0
57 -124 134 0
73 81 123 0
-50 60 -143 0
-11 71 111 0
-96 132 -138 0
43 -73 -109 0
104 121 -126 0
52 64 99 0
51 123 -145 0
-123 124 -135 0
-107 118 119 0
57 -147 -148 0
67 -116 138 0
-20 74 104 0
-32 34 -133 0
-5 -9 -87 0
46 47 122 0
-37 -56 -65 0
28 118 121 0
-63 65 71 0
17 75 -88 0
-17 -33 -43 0
23 -65 124 0
10 27 -32 0
4 25 38 0
-13 14 95 0
-52 116 149 0
81 95 -116 0
-25 -36 -62 0
2 -9 -98 0
-51 90 110 0
-5 -86 -91 0
77 108 -139 0
35 102 -108 0
-46 -48 138 0
30 -51 -133 0
81 107 -149 0
-28 83 -93 0
7 71 116 0
-46 -50 -105 0
10 45 -54 0
23 32 88 0
-35 -84 110 0
-8 -33 -79 0
-48 90 -125 0
46 -126 -145 0
59 -125 -133 0
16 -67 124 0
-52 91 140 0
-88 -90 114 0
9 -55 91 0
-56 72 -110 0
20 -49 71 0
16 24 112 0
29 -48 139 0
-15 -37 -80 0
96 -120 149 0
3 60 -114 0
-26 -36 72 0
45 -49 107 0
-19 81 -106 0
-70 -126 142 0
-1 80 -150 0
42 -109 147 0
-63 73 -103 0
-7 -37 -149 0
5 -39 -100 0
3 51 -102 0
37 54 -77 0
29 120 133 0
-58 70 -108 0
83 -85 -141 0
91 120 146 0
35 53 -111 0
46 -130 -142 0
47 -48 64 0
30 57 -126 0
16 70 -135 0
78 -101 108 0
-69 106 130 0
9 -110 -130 0
81 -95 117 0
-6 -47 -73 0
-30 -45 -67 0
-12 119 141 0
18 -96 134 0
-85 -99 -144 0
99 107 -140 0
-75 86 103 0
18 58 -133 0
17 -33 -99 0
5 17 50 0
-113 -134 146 0
75 -93 99 0
21 -79 -123 0
-3 -6 -82 0
43 52 -100 0
19 -26 -73 0
31 -76 104 0
-49 117 133 0
-27 116 124 0
8 -24 27 0
-15 52 112 0
19 27 -67 0
-58 -121 131 0
-9 -80 -132 0
-56 98 147 0
-61 -80 -87 0
100 129 -143 0
6 64 -136 0
-54 88 136 0
18 -72 102 0
-51 -88 103 0
-24 35 -102 0
18 20 74 0
-7 -21 -69 0
71 114 -120 0
-15 -124 -139 0
-37 -63 -80 0
3 -8 -11 0
21 -109 -148 0
59 110 -112 0
-68 109 -137 0
-2 47 97 0
-12 -46 61 0
46 -56 -74 0
23 45 91 0
-8 18 -62 0
17 25 119 0
-21 74 -137 0
-14 30 96 0
14 55 132 0
-3 109 -137 0
-29 -120 137 0
-24 -47 52 0
-83 -96 113 0
-39 49 -53 0
-52 -53 -71 0
-38 43 -111 0
14 77 143 0
32 73 96 0
-127 -128 144 0
47 60 80 0
41 -74 -106 0
2 8 119 0
-17 -40 77 0
60 102 147 0
-12 62 82 0
-43 -87 -149 0
-42 64 139 0
74 77 -128 0
28 -40 -72 0
10 -13 124 0
-55 79 118 0
49 77 148 0
10 18 140 0
-79 -107 -146 0
15 126 137 0
2 -12 87 0
27 -86 -119 0
41 82 -109 0
-3 -66 72 0
-9 -117 -119 0
-10 35 -143 0
47 -48 74 0
12 25 115 0
-11 -47 -57 0
49 -106 -146 0
-1 -70 145 0
-19 -29 97 0
-69 -141 -142 0
-56 -103 135 0
6 7 45 0
-9 92 -129 0
88 -113 141 0
-4 -8 -61 0
80 -86 114 0
-69 -98 -144 0
-26 37 137 0
-33 -114 -135 0
-14 63 97 0
7 41 63 0
36 116 -140 0
-93 -104 136 0
16 129 136 0
-4 -115 126 0
-69 -71 73 0
-31 49 148 0
8 55 115 0
6 51 -125 0
-50 -60 -112 0
43 61 -84 0
31 -97 128 0
-95 -96 -142 0
-69 -81 133 0
-3 -19 68 0
90 -112 -136 0
84 93 108 0
5 125 -142 0
50 -64 72 0
-23 37 149 0
12 39 129 0
2 60 -122 0
-19 81 -137 0
6 -117 -136 0
-28 -124 133 0
56 73 -76 0
-62 100 135 0
6 -82 -148 0
-111 -134 -150 0
-12 -72 -125 0
-60 -67 -139 0
-5 -77 148 0
63 71 -82 0
-32 44 71 0
-36 -58 80 0
-11 69 78 0
18 -22 -65 0
-60 67 86 0
-13 55 73 0
-33 -57 -59 0
-45 -54 -126 0
20 53 -148 0
9 73 95 0
22 75 132 0
-26 -49 146 0
-42 72 -142 0
-85 108 -148 0
10 82 -83 0
-9 70 -119 0
-19 32 -85 0
-4 44 55 0
105 136 142 0
52 68 -72 0
28 36 87 0
36 97 125 0
-46 -54 -107 0
-39 -66 105 0
35 -105 -132 0
14 37 44 0
14 32 -123 0
36 -93 131 0
-40 59 149 0
-70 -92 -146 0
52 77 82 0
-12 13 -112 0
-86 131 149 0
-16 -70 -84 0
-5 77 141 0
-24 101 111 0
-5 -74 116 0
61 -73 -86 0
7 24 -108 0
46 -98 110 0
-54 111 -128 0
13 60 -84 0
52 57 150 0
107 118 -136 0
-31 47 -49 0
70 -76 -143 0
-36 -75 -144 0
61 -109 -128 0
12 79 -97 0
-49 -74 -109 0
-93 100 141 0
6 -43 -113 0
47 87 -91 0
79 96 -104 0
50 87 -120 0
90 -126 144 0
-44 48 112 0
-39 65 70 0
-27 46 121 0
17 -36 -87 0
-16 -27 69 0
-23 -41 -64 0
6 -34 141 0
20 80 129 0
-39 -40 80 0
57 130 134 0
-49 97 132 0
77 135 -143 0
-15 -42 -99 0
60 -73 -83 0
-70 -114 -138 0
-89 109 141 0
-23 -69 -115 0
28 36 81 0
74 -110 -134 0
-31 -57 -109 0
52 80 -146 0
51 -85 137 0
31 92 -100 0
-25 -92 -114 0
4 -36 -142 0
-51 128 -132 0
-29 -42 124 0
-113 117 -140 0
-5 -131 150 0
-46 111 124 0
18 -34 -83 0
-3 -67 70 0
-77 94 115 0
-34 -60 109 0
-51 -61 97 0
59 76 -136 0
7 -66 -92 0
142 143 -149 0
-52 -64 82 0
11 -23 96 0
-24 -106 123 0
3 5 -121 0
-14 -112 114 0
-42 -109 118 0
13 62 -113 0
62 91 -126 0
-31 38 -106 0
63 125 -141 0
27 54 -131 0
-2 62 124 0
-28 42 -98 0
-13 -43 -114 0
58 126 131 0
16 -106 -145 0
-48 67 76 0
-39 42 93 0
77 -79 96 0
38 -99 130 0
82 -97 113 0
-76 -141 150 0
13 -37 -92 0
-32 -36 88 0
-6 -71 145 0
20 -96 112 0
-40 68 -88 0
28 59 89 0
27 -97 115 0
-3 80 -126 0
-12 -91 -138 0
4 30 -108 0
23 25 116 0
-15 -97 129 0
54 83 -97 0
7 -24 -131 0
-37 41 -73 0
4 -57 77 0
20 -45 110 0
1 -41 -146 0
50 84 96 0
3 44 -86 0
35 -98 150 0
42 61 106 0
-16 54 126 0
13 -50 -102 0
54 90 91 0
22 70 -129 0
-17 -31 -149 0
-70 115 -145 0
19 82 -148 0
-7 36 135 0
-76 78 146 0
-41 -133 144 0
71 79 -95 0
33 -47 -131 0
2 121 -124 0
-3 31 -100 0
-8 63 146 0
-17 -123 -138 0
57 142 -146 0
20 -55 -105 0
-47 66 -100 0
-79 -94 -101 0
-54 -69 -82 0
-49 -70 106 0
-44 -71 -148 0
88 -127 139 0
5 111 136 0
33 -78 133 0
-72 -86 -106 0
1 -26 147 0
-85 104 134 0
29 -57 -65 0
3 49 -51 0
80 98 -106 0
43 91 -125 0
47 -73 -97 0
-49 116 119 0
-31 -138 -145 0
-8 -85 -143 0
31 -50 123 0
81 104 -136 0
15 -60 -133 0
52 -59 116 0
13 -33 112 0
-53 68 133 0
-110 125 -130 0
-3 11 -17 0
-19 -35 -140 0
3 -28 -37 0
5 -40 56 0
55 95 131 0
-16 -40 -118 0
15 75 -132 0
39 42 103 0
29 60 -95 0
-3 -61 102 0
-2 -87 -147 0
-32 78 115 0
29 31 126 0
-7 22 150 0
88 109 131 0
-17 65 -83 0
-4 54 133 0
72 -86 -115 0
-60 -72 139 0
-74 119 127 0
-28 48 -148 0
-9 -20 -34 0
-15 119 126 0
-24 -35 -49 0
19 67 -149 0
10 24 -52 0
-81 -142 147 0
-18 -29 -82 0
-13 91 118 0
45 96 124 0
-29 106 -150 0
-3 -115 -122 0
3 30 -146 0
-75 -107 -136 0
20 69 -123 0
-7 23 105 0
38 -40 102 0
70 118 -126 0
-39 138 -140 0
-19 -32 -113 0
87 -140 141 0
-42 -63 99 0
66 -104 147 0
-9 25 -111 0
70 95 -134 0
3 42 121 0
38 76 145 0
-4 33 61 0
-70 -119 143 0
19 -125 -143 0
47 -104 -134 0
-3 -25 82 0
-92 103 -141 0
-47 -118 -122 0
-2 -36 123 0
36 93 -137 0
-39 -51 -124 0
-43 84 93 0
30 -66 71 0
42 -43 -139 0
5 -11 121 0
-23 117 -143 0
-71 -107 -119 0
89 105 -114 0
-9 60 -134 0
59 71 -94 0
-19 54 -136 0
-106 107 -114 0
72 132 -146 0
-25 39 45 0
39 -50 -83 0
39 -59 125 0
-49 75 83 0
-68 -106 117 0
13 -31 64 0
44 -46 -103 0
-20 54 105 0
-105 124 -145 0
-80 98 121 0
-17 -49 143 0
11 -53 -62 0
-17 -27 62 0
-11 16 -21 0
-59 65 140 0
-26 -49 -53 0
-41 111 -114 0
80 112 138 0
37 98 -141 0
48 -51 -98 0
-9 -82 -145 0
-13 102 123 0
66 112 113 0
-2 -87 121 0
-52 91 109 0
-3 61 93 0
24 29 -133 0
-4 103 119 0
-3 105 122 0
18 -19 140 0
-73 75 -143 0
-45 95 -117 0
63 -65 -99 0
36 87 126 0
-76 121 137 0
30 -39 -92 0
43 48 135 0
-47 -60 -87 0
28 -94 112 0
-2 -20 -107 0
-23 29 69 0
35 -40 -71 0
123 -125 148 0
10 23 -94 0
65 112 -150 0
20 26 147 0
25 -136 147 0
27 -74 106 0
46 90 -131 0
-9 30 -131 0
-89 104 123 0
-33 -56 137 0
27 -50 -106 0
-36 77 -84 0
-28 -72 -149 0
-77 140 -145 0
15 38 -130 0
-50 -112 125 0
33 -53 87 0
-16 76 -85 0
-38 -54 -115 0
17 -57 -83 0
1 -25 -57 0
-41 94 130 0
11 -53 72 0
23 60 -136 0
5 -34 -63 0
55 -74 -79 0
3 53 -100 0
-13 100 -131 0
-35 41 -59 0
-22 -81 -141 0
40 -54 91 0
15 -39 146 0
33 -71 111 0
9 -85 -100 0
-2 15 128 0
96 145 150 0
-84 107 -149 0
-21 69 -149 0
25 -101 148 0
-105 -125 -138 0
1 7 82 0
74 76 77 0
35 127 -139 0
-33 80 130 0
83 123 129 0
-67 -76 146 0
-17 33 67 0
-96 113 -126 0
61 76 -113 0
-11 89 -131 0
-27 127 -130 0
10 142 150 0
-7 -116 124 0
-17 70 92 0
-65 139 -150 0
17 -91 -104 0
75 120 126 0
-32 -65 80 0
20 -43 -91 0
2 38 41 0
-113 134 -142 0
10 -57 125 0
9 35 149 0
-3 -62 -106 0
-18 57 94 0
-50 98 111 0
-50 -63 -116 0
23 52 -86 0
-10 79 88 0
-50 -105 -118 0
84 -91 94 0
4 109 -124 0
83 130 -138 0
51 -92 119 0
76 -133 138 0
-18 21 54 0
-14 -118 145 0
18 43 148 0
-17 60 137 0
64 96 -116 0
-21 76 116 0
93 140 -146 0
-24 -127 129 0
12 117 -145 0
20 21 38 0
-29 -84 -106 0
15 17 25 0
22 -54 70 0
-48 53 -149 0
-4 -96 -129 0
-61 107 -121 0
8 -103 139 0
-17 85 -138 0
-5 -9 29 0
-55 -67 -87 0
66 85 -106 0
22 103 -148 0
69 81 -125 0
81 -111 122 0
24 58 -107 0
-9 95 112 0
-15 -29 82 0
73 92 147 0
-26 -28 97 0
34 -43 -124 0
4 -44 142 0
6 -10 -103 0
65 -122 -132 0
31 42 -150 0
73 -81 -126 0
8 16 87 0
33 -60 -121 0
-120 126 -147 0
-61 -71 89 0
-20 -50 -91 0
6 -35 -88 0
-23 87 -112 0
8 -79 -86 0
-5 -59 -82 0
61 72 -141 0
51 -72 102 0
12 99 123 0
9 -99 -103 0
75 -98 143 0
58 -83 -104 0
79 -131 -133 0
-10 -26 73 0
-46 65 108 0
23 -39 -43 0
-51 -95 -101 0
28 77 -138 0
10 73 -140 0
25 -55 130 0
10 68 85 0
-27 64 -116 0
6 53 81 0
4 -105 -120 0
-22 -62 -63 0
38 45 -46 0
1 58 -125 0
37 62 94 0
-75 78 141 0
103 -107 133 0
-9 -120 121 0
1 59 68 0
4 17 134 0
35 123 144 0
-68 98 -100 0
-5 -8 -105 0
-17 49 124 0
-62 139 -140 0
-50 -89 -127 0
-2 -129 144 0
-10 -51 -106 0
-15 -44 108 0
45 141 -143 0
-26 89 94 0
80 -85 -86 0
13 60 131 0
13 67 92 0
23 54 112 0
-89 -100 -140 0
-12 17 27 0
-33 51 103 0
11 -96 139 0
48 67 131 0
2 12 -42 0
-52 -100 135 0
-2 24 -26 0
-22 -111 -126 0
-67 -93 96 0
-40 130 134 0
82 90 -139 0
98 113 142 0
-54 135 -147 0
-4 -30 -79 0
-61 73 -121 0
1 -8 -76 0
4 75 -143 0
-6 -12 28 0
-7 -123 137 0
51 63 -106 0
-54 -84 98 0
-13 68 -72 0
7 37 81 0
5 101 -127 0
-12 58 -64 0
29 -111 -142 0
63 -75 82 0
85 90 -130 0
57 118 -125 0
29 132 134 0
68 -113 -129 0
-50 61 126 0
-25 -57 116 0
-17 87 -140 0
-19 107 133 0
110 -114 -117 0
20 -142 -147 0
-66 118 139 0
113 119 145 0
-30 31 -53 0
2 71 139 0
31 105 -112 0
-71 -73 143 0
-52 73 -98 0
25 -119 -146 0
-22 29 -99 0
-99 102 114 0
-22 110 -143 0
-120 122 -143 0
40 -47 -51 0
22 -63 -64 0
-29 43 -91 0
-10 -17 82 0
24 -131 143 0
-24 -43 66 0
-27 74 -143 0
-26 66 -142 0
14 -128 -149 0
-57 61 -82 0
22 35 -114 0
-12 -58 149 0
-9 -33 -123 0
-60 65 120 0
-31 -89 127 0
-76 -122 -127 0
36 -56 -73 0
-24 -53 -107 0
-32 89 117 0
-79 105 136 0
38 -123 137 0
-30 -50 129 0
8 67 109 0