p cnf 150 540
-27 67 143 0
-31 38 88 0
-121 141 -148 0
-3 82 146 0
-53 102 -125 0
-14 -77 -125 0
-41 87 100 0
1 -104 136 0
57 85 -139 0
13 -25 -131 0
41 91 143 0
72 -99 109 0
-25 90 -115 0
-9 -50 -68 0
-2 -59 129 0
22 -90 -119 0
-14 22 131 0
67 98 -109 0
2 16 70 0
-32 -59 98 0
13 -20 102 0
-11 -35 -88 0
79 -122 -124 0
-5 29 -88 0
71 82 106 0
-33 73 -104 0
25 58 -126 0
5 -53 69 0
-51 79 102 0
51 54 56 0
-25 -116 148 0
-21 -72 -75 0
43 -64 -81 0
3 -91 122 0
41 63 68 0
-4 111 140 0
-66 -69 109 0
3 -51 -78 0
90 107 129 0
-32 -58 -120 0
43 118 125 0
69 113 -135 0
-52 61 -120 0
-43 47 98 0
-11 -108 132 0
2 66 -114 0
1 46 117 0
-25 108 117 0
78 89 102 0
31 -106 109 0
-60 -77 136 0
-13 -77 137 0
78 -83 -109 0
38 -67 -115 0
27 78 -127 0
1 -28 137 0
106 -144 150 0
3 -120 134 0
24 -127 132 0
-9 -34 61 0
-83 86 -144 0
-28 53 89 0
-52 61 112 0
-37 -115 -135 0
-8 20 -98 0
-19 67 -150 0
-7 -12 53 0
40 -66 131 0
94 123 -134 0
5 -62 -122 0
-64 -78 -145 0
39 42 121 0
-20 -72 -93 0
-16 -95 -140 0
-5 -32 69 0
-12 104 143 0
-49 -124 -140 0
-46 -54 88 0
-17 -21 109 0
-17 -107 -134 0
-7 -10 149 0
16 -33 42 0
-15 41 -107 0
3 130 146 0
-31 -82 -141 0
25 88 137 0
-19 -39 -46 0
42 -49 -86 0
69 121 125 0
64 77 149 0
-4 -36 65 0
62 -116 147 0
-11 -39 -63 0
-27 119 148 0
55 -62 66 0
36 38 130 0
9 60 107 0
-13 39 90 0
-44 -127 150 0
43 -57 -123 0
21 76 -107 0
84 -95 -110 0
-13 -37 -77 0
61 -130 150 0
2 -31 113 0
-19 103 138 0
-48 -57 104 0
-76 116 -136 0
-41 -49 77 0
71 97 -128 0
58 -83 121 0
-26 -83 -149 0
-72 73 -114 0
38 -43 113 0
45 124 147 0
-109 -120 -147 0
11 44 -45 0
76 -86 144 0
-20 -23 -104 0
-9 39 -59 0
-86 93 126 0
-111 -114 -129 0
29 -82 -93 0
-39 -128 -130 0
12 -56 127 0
6 108 120 0
36 100 -135 0
13 -54 67 0
20 -45 118 0
-28 143 -146 0
-87 -91 -132 0
-26 33 -45 0
-10 77 -110 0
-18 45 -66 0
37 -41 79 0
-38 47 112 0
7 -31 -126 0
112 132 -144 0
25 -92 -118 0
-35 -75 106 0
26 -35 -70 0
-45 -148 150 0
-26 119 130 0
12 -85 -117 0
-44 90 99 0
5 92 -129 0
-39 112 -147 0
-9 12 72 0
-64 103 105 0
49 -83 -140 0
88 89 -109 0
33 47 -118 0
-87 -113 127 0
88 134 142 0
-11 -13 -108 0
-46 115 -142 0
-10 68 76 0
-23 -41 130 0
40 -50 143 0
12 -45 97 0
4 -66 -121 0
17 -91 -106 0
30 31 -92 0
-106 127 -142 0
-6 -82 -111 0
71 77 -107 0
-41 -120 135 0
87 122 -123 0
-16 -71 -110 0
-30 112 -113 0
24 93 -117 0
-40 -66 -150 0
-6 53 -90 0
70 83 -120 0
-40 -134 150 0
-18 29 132 0
-66 101 -143 0
67 94 -97 0
36 65 -80 0
24 -51 -86 0
-41 -122 144 0
30 84 103 0
-32 43 -101 0
25 139 -142 0
26 54 -81 0
68 90 132 0
20 97 -147 0
-76 98 116 0
-31 -46 122 0
-8 50 -71 0
-48 -118 137 0
-35 -106 139 0
-68 -96 114 0
55 71 -97 0
58 105 -139 0
22 -91 -141 0
62 -97 -123 0
-15 52 -69 0
-88 -104 -121 0
-41 -99 125 0
10 -33 -111 0
18 29 -144 0
-7 -118 124 0
49 -94 -140 0
-93 124 -146 0
-18 -108 147 0
22 41 109 0
16 -29 -122 0
-5 -8 -121 0
-60 -79 139 0
-17 77 -88 0
64 -66 -118 0
22 -64 78 0
-2 3 87 0
-7 -112 -134 0
-38 -49 97 0
79 87 -141 0
8 28 69 0
-40 131 -140 0
41 47 90 0
-28 -37 65 0
-13 16 127 0
52 60 -115 0
21 -50 99 0
81 96 -130 0
37 -134 -144 0
-46 -90 -139 0
18 37 -67 0
-67 -103 -117 0
3 -6 -133 0
-16 48 68 0
-133 136 147 0
21 -87 117 0
7 -9 31 0
6 136 146 0
38 54 -57 0
-61 94 -99 0
21 104 -116 0
-14 -33 -112 0
9 -100 -144 0
-34 -72 111 0
63 -66 -150 0
85 101 132 0
31 -103 127 0
25 57 -96 0
109 -129 -144 0
74 107 114 0
-9 54 84 0
-7 -28 -31 0
-26 49 -111 0
10 -72 76 0
53 -64 113 0
15 -22 111 0
55 115 -139 0
-101 114 148 0
-12 122 -126 0
106 134 139 0
-28 53 85 0
-25 -38 -134 0
-19 41 -121 0
-37 124 146 0
-63 -95 103 0
-14 18 -115 0
2 7 64 0
49 99 142 0
4 46 -79 0
-47 126 136 0
21 72 -83 0
-69 -100 149 0
109 -112 -127 0
20 114 137 0
-14 47 -87 0
44 64 148 0
48 68 -72 0
-7 -57 -90 0
65 111 -112 0
-22 -35 69 0
-31 -64 -91 0
-57 96 141 0
8 97 128 0
-63 96 130 0
-37 -87 -106 0
-26 89 119 0
17 -52 125 0
5 -41 -144 0
-29 114 134 0
41 -44 -98 0
71 72 116 0
15 -47 75 0
-40 74 126 0
-19 -27 70 0
45 -90 128 0
59 -126 131 0
-9 40 -87 0
-1 39 70 0
-12 41 55 0
-38 93 149 0
-33 -53 -113 0
34 83 86 0
-41 42 87 0
45 54 -130 0
16 25 76 0
-29 -118 135 0
-15 -53 -79 0
-76 -98 -102 0
-108 -143 146 0
-45 48 108 0
-1 -63 70 0
72 97 -128 0
-4 18 61 0
-45 -70 -84 0
-31 -79 95 0
29 -89 -119 0
14 -37 -38 0
84 -107 -130 0
-42 44 -69 0
61 66 143 0
65 -88 141 0
-8 -42 98 0
41 91 -120 0
40 -88 -148 0
-9 -52 -132 0
15 60 -107 0
11 -82 128 0
20 -112 -145 0
-11 124 148 0
66 -88 -124 0
13 56 -85 0
-14 -80 114 0
-7 102 -146 0
43 -121 150 0
32 88 -110 0
-64 -103 -129 0
-75 -96 130 0
89 99 -148 0
-50 63 -77 0
-28 -47 99 0
-17 18 143 0
29 -70 -87 0
-97 -126 -139 0
117 143 148 0
-114 120 -150 0
-26 78 -89 0
11 -96 -103 0
-27 -42 -78 0
70 140 -142 0
-44 116 136 0
-20 -31 -89 0
-2 -6 -126 0
36 -71 120 0
-49 54 -92 0
8 99 -102 0
-6 24 107 0
122 124 -134 0
6 -77 89 0
22 34 70 0
-7 -110 -122 0
-28 -50 65 0
-31 -47 112 0
14 -25 -52 0
57 64 -141 0
-5 124 131 0
-88 -93 -137 0
94 125 -136 0
105 -117 -134 0
-93 122 123 0
52 119 -145 0
44 -61 131 0
28 38 91 0
11 -85 -91 0
37 -76 -103 0
33 49 147 0
-45 -104 -127 0
-44 113 123 0
8 141 -145 0
-10 -17 124 0
78 -81 136 0
22 -84 120 0
-11 51 -69 0
79 -132 137 0
-23 -123 -149 0
-19 -129 149 0
-71 136 137 0
38 -94 -120 0
-2 -46 75 0
48 122 136 0
-13 135 147 0
-10 65 82 0
-16 -26 35 0
81 106 -138 0
-33 -78 98 0
89 -97 -112 0
12 -83 114 0
6 -86 101 0
41 68 -105 0
31 -64 -110 0
31 60 115 0
-25 81 118 0
22 53 -123 0
69 81 -112 0
-37 107 -115 0
87 110 135 0
-5 -91 -103 0
-73 -88 -94 0
42 -91 -96 0
44 78 -84 0
9 34 125 0
65 71 81 0
-6 26 55 0
85 103 -137 0
-83 137 139 0
22 29 -63 0
81 -141 -143 0
-19 -97 -150 0
8 -94 125 0
50 104 -124 0
-72 -115 -119 0
-40 77 -97 0
-16 59 129 0
124 133 -149 0
-105 131 141 0
49 112 124 0
61 -64 89 0
71 85 92 0
95 -116 144 0
18 41 115 0
-31 -75 -104 0
-94 -143 145 0
31 -90 -115 0
40 -95 -136 0
-37 -80 -86 0
-57 87 -144 0
35 67 -70 0
-28 32 34 0
-57 -82 -83 0
13 -62 -115 0
61 -73 -107 0
20 -37 -143 0
-15 -106 119 0
77 89 130 0
18 42 136 0
27 75 78 0
41 88 -149 0
7 -11 -146 0
28 102 -117 0
-36 -57 -137 0
57 -79 140 0
-58 -127 147 0
7 -38 123 0
-33 87 -147 0
18 -40 57 0
14 73 99 0
-65 142 -150 0
18 29 -142 0
-1 -35 -82 0
-71 -80 112 0
119 -127 -144 0
16 33 139 0
-4 -18 -144 0
68 80 149 0
33 -41 -138 0
18 -62 -98 0
14 -49 107 0
-7 23 107 0
9 -71 -128 0
-11 -23 -29 0
-31 -95 106 0
48 110 -120 0
-21 72 104 0
-41 -59 -90 0
60 -87 -141 0
76 -90 131 0
11 -22 119 0
6 92 95 0
-44 67 -121 0
6 40 120 0
61 89 -127 0
37 -52 117 0
-55 -59 80 0
46 48 72 0
-38 95 -102 0
75 -112 -135 0
29 68 -94 0
-7 -50 120 0
11 37 -100 0
6 -54 82 0
-23 78 -134 0
-28 -29 -95 0
1 16 107 0
-37 128 130 0
-1 -39 -109 0
-30 -73 94 0
17 122 -131 0
104 -113 -147 0
28 38 -81 0
-40 67 120 0
-15 -117 144 0
3 15 -52 0
113 118 -131 0
84 90 107 0
49 -51 111 0
-94 112 124 0
-56 79 -87 0
39 -45 -81 0
-31 33 97 0
-74 108 122 0
-44 60 124 0
-98 -114 116 0
-18 20 -44 0
23 -28 -87 0
-76 -93 -120 0
-61 -109 -125 0
-24 37 -132 0
-10 126 -145 0
24 -52 67 0
-135 -140 -150 0
-20 64 -136 0
-24 -144 148 0
-57 73 -146 0
64 -86 98 0
45 -53 130 0
-2 36 122 0
-42 -50 148 0
9 -12 -85 0
-1 -14 109 0
-18 26 54 0
20 130 134 0
58 96 127 0
55 68 -80 0
28 -42 68 0
18 71 -141 0
-17 -70 105 0
55 -119 -150 0
13 -96 117 0
11 49 138 0
34 39 65 0
-47 -94 -138 0
19 60 139 0
-24 123 -132 0
-20 -40 131 0