p cnf 150 570
-37 54 -148 0
-20 93 -134 0
-19 57 107 0
77 -106 121 0
3 -52 125 0
-1 80 81 0
-79 -100 -149 0
-86 -119 -133 0
15 -89 103 0
-86 117 125 0
-82 -94 110 0
82 115 130 0
-10 39 147 0
-3 31 76 0
-4 34 -55 0
2 15 125 0
-6 35 99 0
-48 -92 116 0
82 106 117 0
-53 68 128 0
-31 80 132 0
6 23 -29 0
-23 43 -56 0
-77 -99 -106 0
91 -138 145 0
-42 71 -111 0
42 -67 149 0
30 116 -122 0
102 135 148 0
18 -34 -128 0
3 87 111 0
7 -54 -105 0
79 83 132 0
39 122 -141 0
75 -80 131 0
28 -82 -131 0
-33 104 -142 0
94 132 -135 0
5 -7 78 0
-30 -44 141 0
12 75 -146 0
-32 41 -80 0
63 -68 -71 0
-16 -60 133 0
8 -19 -146 0
-6 -16 -97 0
-12 -17 43 0
39 120 -125 0
-1 -36 75 0
78 131 136 0
-5 13 27 0
-37 -40 -128 0
-10 55 76 0
-5 -85 -106 0
21 44 -45 0
-17 57 64 0
8 86 -97 0
-78 -92 -131 0
11 35 128 0
2 52 -69 0
-39 -83 150 0
6 -25 -104 0
-20 -36 122 0
44 -65 102 0
-91 130 -148 0
14 20 -97 0
-10 -36 64 0
-17 -56 -63 0
39 -52 -146 0
53 -84 91 0
39 -46 119 0
17 -30 -147 0
-3 -99 117 0
-31 -34 59 0
30 54 102 0
-29 -86 89 0
-84 106 108 0
39 -46 123 0
52 67 -127 0
-8 -41 149 0
-46 -97 115 0
51 -91 -112 0
71 -72 -101 0
57 73 -77 0
-44 112 -142 0
-90 95 -146 0
37 38 -58 0
47 80 123 0
-17 59 -113 0
-52 -84 146 0
92 -103 124 0
8 93 -145 0
35 -113 148 0
-92 114 -136 0
-41 -70 -104 0
50 131 136 0
13 -87 138 0
-27 -32 -62 0
-30 66 -131 0
-18 -85 108 0
-71 104 -117 0
-19 42 58 0
2 -69 112 0
-11 35 -78 0
23 50 66 0
-52 66 100 0
125 146 -149 0
32 -70 81 0
-32 -51 74 0
13 64 140 0
-113 -114 148 0
42 84 126 0
-106 107 -139 0
-20 -55 60 0
-119 135 -140 0
-1 -31 148 0
9 127 -143 0
-28 64 -92 0
-22 -23 -28 0
45 -115 -142 0
-55 90 -121 0
45 -58 107 0
-1 52 149 0
74 -87 -100 0
47 71 80 0
89 -113 -123 0
19 56 78 0
8 34 -101 0
-24 60 -103 0
28 102 110 0
-1 52 122 0
55 70 83 0
-37 107 109 0
58 74 -125 0
-19 33 45 0
36 -51 142 0
-21 -58 102 0
44 95 118 0
10 -76 133 0
-43 -89 -97 0
-29 -61 76 0
31 -119 138 0
-17 -23 24 0
18 54 -144 0
-3 -38 147 0
6 -26 121 0
-53 70 104 0
71 -80 113 0
52 61 -104 0
-17 77 88 0
39 -88 -138 0
-6 -74 -95 0
30 -119 -144 0
-111 125 131 0
-21 -125 126 0
-100 -137 148 0
81 -111 -145 0
-65 -126 141 0
45 -49 -120 0
22 84 -129 0
18 -30 -120 0
45 62 -72 0
58 144 149 0
47 -109 -147 0
-15 -44 -76 0
-56 68 -96 0
53 82 120 0
-25 -107 -141 0
-5 41 108 0
-6 -25 -52 0
-34 37 -92 0
-59 -83 -100 0
-74 126 -131 0
58 -94 -131 0
83 -89 134 0
-2 -47 127 0
4 -61 -130 0
20 -26 -43 0
-51 -130 -133 0
-21 33 -68 0
25 -52 124 0
-47 73 -87 0
108 -112 -142 0
-8 85 -96 0
35 38 -90 0
-58 79 -82 0
12 52 55 0
-101 105 -142 0
-13 -26 -78 0
-50 81 150 0
-91 -110 116 0
9 13 55 0
41 -81 91 0
-58 93 -98 0
9 -20 96 0
27 43 -69 0
4 -115 -136 0
19 -89 -117 0
-38 67 -109 0
-15 73 -150 0
41 56 60 0
16 -82 101 0
-2 70 110 0
73 -78 -92 0
-77 105 113 0
35 -41 117 0
81 144 -147 0
-22 56 84 0
3 -34 138 0
117 137 148 0
13 112 137 0
-3 -12 58 0
-43 50 54 0
15 -23 -138 0
-56 107 -115 0
-16 81 -98 0
55 103 122 0
82 -99 -106 0
-1 -124 -139 0
17 -55 131 0
-85 87 -133 0
-13 15 18 0
-58 83 132 0
-27 -33 67 0
103 111 121 0
15 -86 -150 0
28 -37 -102 0
-17 -106 133 0
68 70 138 0
11 74 84 0
-10 20 59 0
-14 79 -121 0
-5 -53 -72 0
-45 77 -137 0
22 51 -136 0
49 -61 89 0
91 96 -148 0
-28 55 132 0
-75 111 -124 0
-24 27 117 0
-77 -97 -142 0
-50 101 102 0
-25 -74 -150 0
-12 21 -29 0
69 104 108 0
-1 -59 102 0
72 -81 -139 0
55 118 131 0
-103 -106 -148 0
31 108 -111 0
26 57 98 0
-4 -25 36 0
34 81 -149 0
6 -13 55 0
-31 90 113 0
-78 114 -138 0
16 31 -51 0
17 95 127 0
-21 32 -73 0
-10 -35 -134 0
76 124 -141 0
13 -47 -88 0
-17 121 124 0
-35 99 133 0
13 -113 138 0
-5 125 129 0
20 88 -124 0
-28 -140 147 0
42 51 106 0
90 115 -128 0
-21 23 35 0
-44 87 118 0
-66 136 -143 0
84 105 109 0
-14 67 92 0
-18 34 86 0
-21 -77 -134 0
-6 9 -50 0
21 61 98 0
-97 119 129 0
-32 -65 94 0
1 44 -78 0
87 96 100 0
12 94 -106 0
-25 66 120 0
17 18 57 0
-6 -16 -62 0
-36 -79 -81 0
-39 -60 77 0
-3 11 -121 0
66 103 -129 0
50 -102 -132 0
32 -102 -123 0
57 64 96 0
-52 -77 -141 0
-19 62 112 0
27 -52 -63 0
90 -98 100 0
-29 81 -111 0
10 77 143 0
-13 26 110 0
56 79 -92 0
31 58 -108 0
-37 -103 117 0
-66 94 100 0
43 -74 145 0
2 37 61 0
13 49 64 0
-48 111 -129 0
43 -67 -145 0
58 -62 113 0
33 112 -145 0
39 123 -142 0
-80 91 -130 0
67 125 128 0
34 -42 89 0
61 -90 119 0
2 99 -139 0
-39 -81 -98 0
-8 -23 91 0
15 -32 107 0
-46 -90 -124 0
84 -127 150 0
-2 -9 -112 0
1 5 -110 0
71 97 -121 0
59 -97 -139 0
-53 -104 -150 0
-57 108 -110 0
-45 119 -146 0
-18 36 -115 0
-34 -60 -119 0
-27 59 -112 0
34 -108 144 0
95 -101 -124 0
77 -146 -147 0
-6 -92 -112 0
-6 86 128 0
-35 -110 124 0
7 53 96 0
44 -95 -112 0
-13 22 27 0
-11 -55 87 0
-46 -62 -81 0
-42 -83 149 0
-31 -93 -118 0
-15 -81 103 0
48 -58 -68 0
-77 117 148 0
-22 -68 -135 0
-73 78 150 0
-39 -65 135 0
69 -79 107 0
62 -130 -142 0
-15 66 -108 0
39 61 83 0
50 130 144 0
-19 96 -106 0
38 97 -150 0
30 94 137 0
-22 -23 -98 0
46 -62 68 0
116 126 130 0
53 124 137 0
-4 120 -121 0
34 44 100 0
41 -47 89 0
24 54 -146 0
67 -90 -135 0
12 28 -94 0
18 61 89 0
-55 76 -141 0
64 90 134 0
-8 -35 -95 0
77 -86 100 0
-25 -63 140 0
39 116 143 0
14 -52 135 0
12 48 138 0
15 58 -134 0
-25 32 -137 0
61 78 115 0
-9 -63 127 0
-90 131 -142 0
2 17 -38 0
40 75 -102 0
-21 -45 102 0
-87 106 -126 0
5 43 145 0
31 40 72 0
-18 -30 -43 0
11 94 -123 0
-11 30 132 0
-52 137 -139 0
-32 71 108 0
-22 -23 49 0
64 -88 -118 0
37 64 -110 0
18 -100 -105 0
-18 54 111 0
-22 66 -117 0
-26 62 -128 0
84 136 -144 0
79 -85 129 0
-16 -87 146 0
-47 -48 -150 0
9 -50 -117 0
-26 27 103 0
111 -125 149 0
-65 91 149 0
2 -67 94 0
-34 -55 -89 0
-23 -80 -93 0
17 73 -113 0
-15 29 147 0
31 43 -131 0
-33 90 -98 0
-84 109 137 0
-23 -126 136 0
18 -55 -124 0
31 74 -141 0
-49 114 -115 0
30 -130 137 0
-10 -87 -115 0
58 72 -138 0
69 -114 116 0
40 43 59 0
15 29 97 0
75 -106 -124 0
43 114 144 0
37 66 -87 0
-27 -29 -32 0
-76 85 93 0
-50 60 -72 0
17 44 -122 0
51 -67 -75 0
-14 45 -147 0
35 -122 -133 0
-52 -80 83 0
1 142 -145 0
78 -95 -101 0
30 -103 111 0
-19 38 143 0
-89 -93 111 0
55 -72 88 0
-26 -67 -106 0
-10 -85 -136 0
53 -105 121 0
-34 57 108 0
-94 101 129 0
41 72 -92 0
17 -41 70 0
-40 84 124 0
-39 112 -146 0
-130 -136 141 0
-16 -31 -124 0
35 48 -73 0
31 -42 87 0
32 43 -87 0
20 36 46 0
-43 -64 -117 0
-7 -39 90 0
9 -57 64 0
-73 -86 112 0
-16 23 87 0
-16 93 126 0
-104 -112 -124 0
-36 -43 -98 0
1 16 -99 0
3 -98 -131 0
-12 16 -46 0
-24 -34 68 0
34 -104 140 0
-80 105 -146 0
-24 76 -92 0
-54 -96 -97 0
113 -131 -145 0
-4 -73 114 0
21 -43 70 0
-4 109 144 0
-93 -138 143 0
-15 -23 -69 0
-30 -119 -149 0
-80 135 139 0
14 -19 58 0
56 58 139 0
-14 -47 70 0
67 102 -137 0
14 134 -142 0
-6 -18 -140 0
20 -85 -122 0
-5 22 91 0
18 -76 79 0
25 -49 145 0
13 23 139 0
-2 109 120 0
-9 111 -141 0
-27 76 -127 0
-23 -111 -141 0
-77 -83 -112 0
-31 -46 -82 0
-36 -62 106 0
35 124 -137 0
-11 25 60 0
-3 61 -69 0
6 -27 -67 0
40 -42 -61 0
9 -44 -45 0
28 77 -141 0
58 -59 -112 0
-75 -118 145 0
11 20 -79 0
89 -102 -138 0
17 28 138 0
19 -59 -138 0
20 -38 110 0
96 -115 130 0
-51 127 141 0
80 107 -147 0
-22 80 -147 0
59 106 135 0
11 126 142 0
21 90 135 0
58 77 -107 0
-20 -35 -88 0
3 -9 -71 0
67 101 -133 0
76 -100 -135 0
4 -92 -126 0
-20 -28 -63 0
-51 -116 139 0
49 -102 -150 0
-89 90 127 0
-17 -58 -69 0
42 80 -144 0
-14 -77 125 0
15 93 -118 0
12 -31 -97 0
49 -70 131 0
79 -125 133 0
48 -109 -121 0
32 -60 -111 0
-39 -124 -129 0
-4 90 146 0
101 -105 136 0
-1 42 134 0
-38 129 141 0
18 111 150 0
-75 -82 92 0
112 141 -144 0
-71 -83 112 0
81 106 -117 0
3 -24 -86 0
14 -68 95 0
23 67 -83 0
55 57 -137 0
45 -128 150 0
8 -57 -65 0
18 -31 146 0
20 -44 -121 0
17 -92 -115 0
22 -104 -125 0
45 57 -127 0
-25 74 -137 0
-84 107 150 0
50 -129 147 0
83 99 131 0
-42 -68 122 0
93 -126 143 0
-41 -77 -128 0