p cnf 150 690
71 129 -144 0
-22 -105 111 0
27 88 -95 0
-130 -131 143 0
22 -24 -105 0
70 112 -147 0
-33 -135 -142 0
-18 76 80 0
-18 33 -112 0
24 59 112 0
-77 88 -109 0
100 -110 112 0
44 -95 142 0
36 -74 130 0
-40 -50 52 0
-52 53 -106 0
-19 -115 136 0
34 -106 144 0
7 -58 -86 0
-113 -120 -121 0
-51 -111 114 0
-16 95 -97 0
-64 72 -115 0
-56 -79 145 0
38 45 104 0
2 -75 -77 0
-101 120 136 0
-20 -66 -70 0
58 62 103 0
1 39 -101 0
-112 134 150 0
43 -60 128 0
33 82 -106 0
-6 -93 -112 0
-87 106 -110 0
65 -66 -124 0
-11 17 67 0
-9 -74 125 0
-73 -98 132 0
-47 96 -134 0
21 -31 -119 0
-43 106 133 0
30 93 136 0
-68 75 139 0
-34 40 -126 0
-22 -139 -148 0
34 87 120 0
-71 125 -150 0
34 -50 -139 0
27 90 144 0
43 52 81 0
-68 73 -125 0
30 75 81 0
-23 -52 -120 0
1 11 -110 0
47 -69 120 0
100 122 144 0
-49 97 103 0
11 -32 109 0
-72 -92 -134 0
40 101 -134 0
-19 -61 -122 0
5 -91 122 0
-6 136 -141 0
24 38 58 0
32 94 -99 0
-11 108 -136 0
57 80 103 0
23 -41 -105 0
77 -91 -131 0
-10 75 -149 0
68 -82 85 0
-125 126 -143 0
-15 -35 117 0
46 74 -116 0
60 94 -139 0
-35 57 -117 0
-11 -106 140 0
-17 102 113 0
-7 -94 -99 0
-2 33 133 0
-3 -27 120 0
-16 -62 77 0
41 109 114 0
49 59 138 0
-101 -105 -111 0
-47 106 113 0
-21 70 -131 0
-92 129 134 0
-50 -69 145 0
87 -97 129 0
-35 81 -129 0
21 28 -146 0
-50 -92 -142 0
-64 91 93 0
121 -131 -148 0
35 85 148 0
-35 100 112 0
-32 57 -126 0
105 126 146 0
-21 -47 -116 0
-15 -37 126 0
30 -141 142 0
-1 -5 -126 0
22 95 130 0
19 96 112 0
-29 -67 -87 0
57 -104 147 0
19 -56 62 0
-122 -130 -138 0
-9 -85 -149 0
-75 121 149 0
5 -31 -133 0
-8 77 143 0
-10 -20 56 0
-41 -99 -103 0
-8 -137 144 0
1 -92 130 0
-13 -125 -135 0
11 41 49 0
-39 117 142 0
16 -46 -89 0
76 -97 145 0
32 50 90 0
99 130 150 0
40 124 130 0
28 -69 -110 0
100 -113 141 0
40 -86 126 0
-22 81 103 0
-3 77 138 0
-17 83 119 0
29 -112 -138 0
-38 -46 49 0
50 -105 145 0
-19 -66 130 0
13 45 -50 0
-70 -115 -120 0
18 41 83 0
-44 -87 143 0
27 108 -149 0
62 95 98 0
80 96 106 0
-84 -103 -106 0
50 -141 149 0
-8 -14 -97 0
12 -64 -106 0
-30 -65 124 0
50 -57 -60 0
-36 75 -117 0
8 -22 72 0
-63 74 -148 0
-1 8 -142 0
-78 116 150 0
90 -128 140 0
-26 54 -66 0
-65 -137 -149 0
45 -76 -125 0
-8 -130 146 0
-105 117 -135 0
8 73 -127 0
-6 -43 -139 0
-47 86 -136 0
-12 -58 81 0
64 -77 -105 0
-77 103 -109 0
85 -110 150 0
-50 79 -119 0
17 -91 -93 0
73 100 131 0
48 58 -127 0
41 88 90 0
-69 -98 118 0
-9 123 146 0
-47 -100 117 0
33 -40 89 0
-32 -72 94 0
-16 19 -52 0
40 -101 -105 0
5 127 140 0
13 -35 54 0
109 124 139 0
-116 135 143 0
-13 -48 94 0
-80 112 129 0
-83 -119 -149 0
-11 -52 -68 0
69 -85 110 0
4 -13 -60 0
4 -69 92 0
22 -43 -110 0
38 100 -145 0
7 -86 126 0
-62 102 -115 0
57 81 132 0
-76 -80 92 0
23 61 89 0
-13 47 -81 0
48 115 -131 0
-30 -56 138 0
56 79 -127 0
105 -127 -136 0
75 92 147 0
59 -63 127 0
-61 109 148 0
17 -83 114 0
32 -109 145 0
-54 -112 -125 0
38 -72 147 0
-16 24 -71 0
-37 -122 -128 0
-17 65 -95 0
92 -96 113 0
83 85 132 0
-21 -119 -138 0
-64 -94 124 0
-105 -111 126 0
-51 -131 -136 0
-4 -89 100 0
-45 -82 -123 0
-90 -92 135 0
22 60 -85 0
-31 42 -120 0
-67 119 129 0
-54 104 -141 0
-45 -67 -73 0
65 119 -144 0
-62 -68 83 0
1 -57 117 0
46 -92 -122 0
2 21 114 0
13 40 64 0
10 -16 133 0
12 -24 96 0
-7 -92 134 0
-55 -66 -114 0
-79 -98 -150 0
-12 -87 141 0
-50 -55 -149 0
-30 53 128 0
-2 48 -78 0
-69 -135 137 0
-27 125 146 0
-22 26 -79 0
-71 -84 -143 0
-15 134 -145 0
-47 -92 145 0
-22 -24 127 0
-22 -128 -139 0
-41 -42 -104 0
-30 102 -144 0
6 -113 -149 0
12 -19 -150 0
73 74 132 0
-52 -54 -138 0
47 -94 113 0
-21 64 90 0
8 -14 127 0
34 -49 -66 0
8 73 143 0
-14 -16 -98 0
-53 -67 139 0
-15 -51 71 0
51 -137 -143 0
46 107 -115 0
40 43 -104 0
-3 7 -105 0
20 53 -125 0
-15 -23 -130 0
-6 25 -55 0
-55 114 143 0
60 -64 -148 0
6 10 129 0
72 -76 115 0
29 58 105 0
-13 55 79 0
-12 -22 37 0
24 40 -52 0
70 72 -99 0
-58 66 133 0
-54 -68 122 0
-99 -134 -144 0
2 -52 126 0
-78 -121 127 0
10 28 -116 0
45 -57 59 0
11 -22 56 0
-48 -130 -140 0
22 40 147 0
-39 47 146 0
-92 126 -143 0
75 108 139 0
-58 -82 102 0
-18 -84 148 0
-65 -144 -146 0
-16 -57 88 0
7 57 -140 0
69 -98 -137 0
-25 44 124 0
-28 -87 -123 0
39 -100 -127 0
5 119 -147 0
4 82 -128 0
-121 -139 146 0
103 -119 -136 0
-36 -58 111 0
18 -83 -125 0
-71 -101 -112 0
-91 -113 141 0
10 16 52 0
-41 64 -79 0
-76 94 -107 0
40 62 112 0
-7 130 -131 0
4 -18 -85 0
-38 43 136 0
-8 -27 122 0
119 121 134 0
62 88 -130 0
47 -93 100 0
-8 -69 141 0
-42 51 -57 0
41 -118 120 0
-28 59 69 0
-72 104 -109 0
11 -26 56 0
-5 -98 -136 0
26 -43 -106 0
-23 105 -116 0
-33 64 -68 0
16 56 -131 0
13 -30 -141 0
-2 -93 108 0
33 -105 121 0
8 14 80 0
-4 71 92 0
-20 128 -137 0
105 106 -118 0
-20 28 94 0
118 119 -139 0
67 -82 -103 0
-18 -56 -149 0
-18 -91 -95 0
-11 -12 51 0
13 51 76 0
-49 -119 -140 0
-96 108 148 0
77 -125 -138 0
-12 -107 117 0
58 -65 -87 0
-39 -58 -125 0
-53 117 142 0
-14 113 135 0
-24 -55 97 0
-20 95 117 0
3 -69 118 0
5 81 149 0
-16 -46 61 0
27 38 -54 0
-25 105 -117 0
94 102 128 0
-17 -35 -131 0
45 -111 -120 0
15 60 128 0
118 -125 146 0
5 13 -142 0
46 82 -93 0
-41 -46 -54 0
58 -71 129 0
-23 52 96 0
-13 63 94 0
-33 -108 124 0
-78 135 139 0
12 23 137 0
33 87 138 0
-54 72 112 0
-17 43 -56 0
33 48 143 0
-8 96 -126 0
66 94 134 0
11 26 59 0
-25 108 136 0
45 47 -148 0
-41 -108 -123 0
-106 107 -119 0
-31 -74 92 0
43 123 142 0
-41 69 -103 0
54 -102 123 0
20 111 128 0
-25 -99 -125 0
-54 66 132 0
-21 86 140 0
-45 -56 71 0
47 80 120 0
-71 -96 -104 0
-14 68 -145 0
-88 139 -148 0
75 -78 -130 0
1 34 -108 0
48 82 92 0
-58 60 -61 0
-45 60 -143 0
-2 -38 136 0
-19 -120 -145 0
95 -110 -112 0
-96 -130 141 0
3 -30 -119 0
-10 -38 -96 0
34 -91 -130 0
-62 80 -125 0
-4 40 136 0
46 100 -132 0
68 123 144 0
20 91 110 0
44 85 -143 0
56 93 105 0
81 117 -123 0
55 76 144 0
-10 -67 92 0
-46 99 116 0
2 -25 -60 0
126 -131 149 0
104 -133 -141 0
26 -69 145 0
-37 -97 -105 0
78 -79 127 0
-43 113 120 0
-92 -96 -118 0
42 -121 -123 0
-39 46 144 0
-53 -85 -120 0
-90 -121 -128 0
-2 -59 -149 0
34 -84 -124 0
72 83 94 0
-1 4 -12 0
81 -99 125 0
16 115 130 0
-35 -107 147 0
35 -123 143 0
77 -106 114 0
27 -31 129 0
-57 -139 150 0
18 100 -132 0
45 -53 68 0
-43 64 128 0
-9 17 -37 0
-67 118 -135 0
-95 -123 132 0
-14 31 34 0
-36 -71 104 0
-31 -82 130 0
-25 101 -108 0
12 15 -91 0
32 -96 111 0
18 35 134 0
-14 -28 -119 0
-17 -79 -138 0
-24 -59 132 0
-7 89 124 0
-14 67 -80 0
8 -78 85 0
8 58 -125 0
24 32 123 0
7 -32 83 0
-88 104 -145 0
3 63 138 0
-39 60 135 0
25 82 -97 0
50 -56 -77 0
6 -70 93 0
-8 128 -138 0
-100 -113 146 0
-14 56 91 0
54 65 -124 0
26 -35 -102 0
-56 119 -145 0
-60 -68 76 0
-87 100 112 0
-35 79 -100 0
32 -65 90 0
-32 92 -148 0
96 123 130 0
-46 92 -150 0
6 -72 75 0
-8 -22 89 0
-44 -80 120 0
25 41 -64 0
30 69 148 0
27 71 101 0
-16 17 -59 0
-42 46 -135 0
34 97 -119 0
74 -89 123 0
-11 -13 -53 0
-124 132 -140 0
-27 -130 140 0
16 -52 117 0
-1 -61 92 0
-57 -73 137 0
-38 -109 148 0
61 96 132 0
123 -128 136 0
-44 -61 125 0
-24 -47 129 0
31 89 138 0
65 -103 136 0
-1 -76 -108 0
-47 -75 88 0
-43 -84 -89 0
13 -36 -122 0
64 120 -141 0
91 -108 118 0
16 18 -70 0
-27 53 -121 0
-29 -32 -108 0
117 133 -137 0
-8 44 -94 0
-27 -68 -89 0
28 -61 150 0
-17 -97 122 0
32 84 85 0
-50 -115 -130 0
-37 -104 -133 0
13 48 115 0
4 -21 73 0
-31 -60 118 0
50 -91 -115 0
-15 -44 101 0
3 -43 119 0
-7 -85 -105 0
17 -74 -125 0
-6 13 100 0
4 -134 -142 0
16 -17 60 0
-18 70 -143 0
-3 -16 110 0
-28 -143 144 0
-14 -82 -109 0
5 -16 45 0
72 80 81 0
20 -24 -45 0
-78 100 -135 0
-128 133 141 0
-35 -110 141 0
36 37 -99 0
-3 -58 -67 0
-29 -100 105 0
4 100 -109 0
-52 59 -112 0
28 35 82 0
52 -118 128 0
-33 55 114 0
-86 96 -133 0
22 -95 113 0
-17 37 -68 0
3 -49 122 0
1 -70 71 0
26 -30 -83 0
34 64 143 0
-28 -70 91 0
-21 -27 -41 0
-70 104 -123 0
-4 -33 -125 0
-32 52 -69 0
1 87 -143 0
-3 14 -33 0
1 -25 134 0
44 -98 135 0
17 91 121 0
17 -86 112 0
-40 42 -68 0
91 -106 123 0
-13 87 133 0
-14 -31 -141 0
-56 101 -129 0
51 86 -130 0
46 -62 -145 0
-5 -9 32 0
-36 -67 107 0
12 46 -59 0
-11 -28 31 0
89 -103 -131 0
39 -73 -95 0
-109 113 -150 0
-62 -68 -85 0
15 83 91 0
-6 47 137 0
-57 75 -135 0
14 85 -120 0
84 85 -133 0
-9 -82 123 0
36 39 47 0
-74 -82 -132 0
58 -113 -135 0
37 108 -134 0
28 122 -139 0
-32 -43 113 0
-37 48 -128 0
4 71 101 0
53 104 124 0
-20 65 -74 0
22 39 61 0
-9 21 56 0
3 12 -58 0
38 -45 122 0
-91 -99 -127 0
11 95 -135 0
-36 -110 -150 0
20 59 148 0
10 147 149 0
-59 74 -147 0
-34 121 126 0
-20 56 -61 0
-30 98 102 0
-21 -43 -117 0
-7 -78 89 0
-42 47 62 0
28 -45 -143 0
67 138 -143 0
-19 -20 28 0
-58 -93 -147 0
-50 -98 120 0
69 102 -142 0
-100 -132 -147 0
-23 -27 67 0
19 -24 141 0
14 -84 -112 0
114 -122 132 0
42 84 -114 0
132 -134 136 0
-16 45 53 0
97 127 -139 0
30 48 -123 0
3 -74 -131 0
-49 118 135 0
-37 125 143 0
-1 117 143 0
-83 85 -133 0
108 -119 142 0
21 -44 94 0
97 130 -144 0
-9 -84 118 0
-26 77 126 0
1 9 -76 0
-40 113 -142 0
-71 121 -123 0
-23 70 -129 0
-19 89 -145 0
-20 78 88 0
47 -94 -107 0
-11 -115 131 0
86 -102 125 0
10 44 94 0
1 64 -102 0
8 13 -111 0
-12 -30 -115 0
116 -118 139 0
-27 -59 -103 0
-38 -63 143 0
-5 86 -135 0
-91 113 136 0
57 71 79 0
20 21 -40 0
110 115 -120 0
-7 67 121 0
55 76 125 0
32 -86 -147 0
2 -14 107 0
-45 -70 -89 0
-48 -55 103 0
22 57 -119 0
57 -63 -103 0
20 77 126 0
51 70 85 0
-45 63 -76 0
60 89 146 0
1 -33 136 0
-56 146 -147 0
63 116 138 0
-42 90 -97 0
-16 44 104 0
-1 75 133 0
-2 85 -128 0
-97 -139 -142 0
-25 -90 136 0
51 -75 93 0
-107 -112 -142 0
54 -84 142 0