p cnf 150 480
9 -29 -142 0
-74 81 -104 0
-12 -118 142 0
19 -90 -145 0
28 45 71 0
-7 30 -117 0
27 89 102 0
-3 100 139 0
-76 83 -110 0
54 66 75 0
-4 -17 85 0
-2 -90 127 0
95 104 -108 0
47 58 -90 0
70 83 -122 0
-53 61 150 0
46 -139 144 0
-19 25 -143 0
-48 61 143 0
-10 -72 -73 0
-59 62 79 0
-44 55 -142 0
43 -54 82 0
19 -25 69 0
-2 -97 -105 0
-35 -128 -147 0
-20 51 -107 0
-26 29 64 0
-75 82 134 0
-11 51 98 0
41 44 56 0
-15 -28 70 0
-68 -78 148 0
-37 44 137 0
-28 85 122 0
69 -82 -144 0
5 -105 116 0
36 -54 -60 0
-45 -99 -106 0
-6 96 138 0
44 -71 -145 0
47 -78 105 0
2 8 -115 0
5 36 -42 0
30 95 -125 0
1 -55 116 0
-31 -63 149 0
-12 -40 -144 0
-43 46 135 0
132 -136 -148 0
-26 -76 -87 0
18 -45 143 0
8 -37 103 0
-16 -39 -99 0
-15 -127 142 0
48 -66 -135 0
1 31 146 0
17 -29 99 0
-45 95 121 0
-92 114 128 0
-36 54 -56 0
28 -103 116 0
31 -35 -59 0
-23 84 112 0
-15 -45 144 0
78 -88 140 0
55 112 131 0
73 -93 142 0
44 57 62 0
-16 73 -132 0
-14 -40 82 0
-15 52 87 0
-75 81 -145 0
117 128 142 0
55 -101 102 0
16 -101 140 0
68 -92 149 0
54 94 116 0
-7 43 129 0
132 133 147 0
-87 94 120 0
22 60 107 0
-1 -94 113 0
-17 -58 95 0
8 89 -132 0
-28 -31 -86 0
67 121 -135 0
2 30 94 0
-19 -24 143 0
-9 95 -114 0
41 -103 -144 0
2 17 109 0
8 -98 104 0
27 -45 -50 0
66 -81 -92 0
25 -43 108 0
33 -50 -139 0
-15 33 65 0
34 -131 140 0
6 14 -27 0
-65 -125 149 0
-33 85 -143 0
-93 109 -110 0
-9 18 -26 0
-47 -96 125 0
35 61 -119 0
-21 -52 60 0
35 -120 141 0
-6 -63 -133 0
-18 118 148 0
56 -115 -128 0
-1 20 -119 0
-4 -22 -89 0
14 -100 -121 0
-42 -83 -103 0
2 -130 148 0
-8 9 -21 0
-8 -65 -72 0
7 -57 -146 0
-79 107 125 0
112 -115 129 0
-64 66 -79 0
27 -97 100 0
28 -79 -102 0
-72 -93 94 0
-41 -42 130 0
51 -116 139 0
-1 -40 83 0
-77 94 -113 0
3 17 58 0
-112 125 137 0
-28 48 139 0
-49 118 -127 0
-41 133 -142 0
-2 -16 -84 0
-9 -20 79 0
-73 -106 123 0
-29 60 65 0
55 -122 149 0
-30 -46 116 0
-63 -110 148 0
6 97 99 0
79 -106 -128 0
-15 -58 -120 0
56 75 87 0
58 -79 -132 0
32 -90 -126 0
-5 -60 -137 0
56 -106 110 0
-34 48 81 0
5 -50 72 0
-51 -79 -86 0
-6 69 75 0
-5 -90 -129 0
-83 109 136 0
8 -23 73 0
57 94 -107 0
24 -84 129 0
-111 -118 121 0
-44 -62 -120 0
62 74 -124 0
-55 -106 136 0
29 -131 -142 0
29 60 148 0
34 -55 -124 0
-2 -126 -142 0
-32 100 103 0
50 74 80 0
-76 91 144 0
77 91 123 0
11 18 134 0
-34 55 -110 0
10 -57 -97 0
5 30 -127 0
-21 50 102 0
61 -80 118 0
7 138 -140 0
-68 79 -124 0
-95 149 -150 0
18 111 -119 0
7 -37 81 0
-16 -54 -88 0
-59 84 -123 0
-26 -46 -98 0
-3 -87 92 0
32 -38 -46 0
5 18 -137 0
26 54 92 0
-23 -65 -91 0
-9 58 91 0
82 127 -133 0
-18 -21 66 0
24 61 84 0
5 121 124 0
-25 63 68 0
13 32 66 0
72 -82 -145 0
4 47 149 0
47 -110 143 0
3 -45 100 0
-128 -131 147 0
-36 47 -132 0
57 73 -136 0
-15 97 143 0
-2 57 75 0
14 -49 80 0
-77 79 115 0
-17 49 57 0
87 94 129 0
-44 -127 -141 0
96 128 -133 0
10 36 -150 0
71 142 -150 0
-44 -104 120 0
-130 -135 -147 0
10 -30 105 0
11 56 87 0
7 12 84 0
-69 88 91 0
-18 60 -75 0
7 27 107 0
-8 71 127 0
-11 89 98 0
-61 -127 -130 0
6 50 -134 0
81 -117 -134 0
-104 -124 -126 0
-82 125 -135 0
53 102 -112 0
58 83 95 0
-43 -119 130 0
-28 -71 88 0
64 75 -137 0
-81 -93 -103 0
35 49 -57 0
-44 -62 -144 0
-52 -70 121 0
-23 -126 143 0
-18 -105 120 0
9 65 139 0
22 51 77 0
-17 59 -114 0
48 115 -145 0
-45 -100 -103 0
71 79 -85 0
25 90 94 0
-56 93 -97 0
71 103 104 0
-21 -81 129 0
-45 101 -119 0
-66 -119 121 0
79 -109 126 0
-33 -89 -122 0
27 -38 44 0
22 -59 -147 0
3 -39 78 0
37 40 -147 0
65 74 87 0
-20 71 104 0
127 130 148 0
86 -89 -112 0
-21 26 -82 0
104 -109 111 0
-18 23 -31 0
-34 -118 141 0
-12 -66 -85 0
43 -63 -118 0
-40 -50 -148 0
39 -67 119 0
27 35 -57 0
34 48 -75 0
25 -33 38 0
-63 79 -126 0
-17 -44 -105 0
-9 11 118 0
-58 -69 71 0
42 -66 -81 0
-37 -39 73 0
67 -74 -149 0
-12 41 98 0
-34 -66 -135 0
11 -40 122 0
86 141 147 0
-54 71 -109 0
-119 128 149 0
-29 50 98 0
5 -29 97 0
6 -62 104 0
-32 -73 -124 0
82 120 -128 0
67 86 141 0
20 -106 -127 0
37 -55 -113 0
-15 32 -108 0
39 53 -74 0
-63 79 -98 0
32 -72 85 0
25 -147 148 0
-9 -71 -119 0
-118 120 129 0
-71 83 131 0
-22 -72 -107 0
-4 127 146 0
-15 106 -113 0
20 85 -134 0
89 -93 144 0
5 -108 125 0
-22 71 -121 0
17 75 -121 0
-78 -80 -133 0
-14 -118 -121 0
21 142 -150 0
-51 -81 82 0
15 45 -113 0
-38 118 -131 0
-7 69 -148 0
14 84 -92 0
85 95 -133 0
9 -30 112 0
-97 109 -123 0
58 101 123 0
33 54 62 0
-22 139 -149 0
94 121 135 0
-82 -137 -147 0
-40 75 135 0
-10 17 121 0
-15 -63 70 0
92 119 -138 0
-2 -86 -140 0
20 79 -105 0
86 -95 124 0
18 -55 81 0
-62 98 -136 0
79 -119 -123 0
-6 7 -90 0
-2 3 -122 0
49 99 118 0
4 140 147 0
29 103 -147 0
74 -85 -91 0
20 -38 136 0
-40 -51 115 0
20 79 135 0
-64 -107 -122 0
46 48 -133 0
-79 86 148 0
65 -70 -119 0
-83 99 -107 0
-13 -61 -149 0
2 -3 -149 0
-68 -93 -131 0
-29 -95 -112 0
25 -56 -79 0
-3 119 -140 0
-27 113 -138 0
32 -49 -59 0
23 -30 69 0
99 120 143 0
-69 -117 -146 0
-23 -47 -99 0
3 43 -80 0
-22 54 -62 0
36 -115 -122 0
-121 127 136 0
2 22 -56 0
-19 -27 91 0
-27 -70 139 0
-15 37 -39 0
-5 -50 -96 0
30 50 85 0
-71 -81 94 0
12 103 -146 0
8 -17 -141 0
-8 -84 -109 0
-26 67 121 0
-69 -118 -130 0
-21 133 138 0
-28 -29 142 0
7 -56 -132 0
75 -99 -100 0
-24 38 -145 0
13 -84 94 0
-92 -107 119 0
62 67 -122 0
-26 103 -120 0
1 133 -150 0
61 109 150 0
21 120 -121 0
36 -54 135 0
103 112 -138 0
2 -46 112 0
100 102 -113 0
-33 127 140 0
-28 -67 -91 0
-5 148 150 0
42 65 127 0
-51 -79 -89 0
44 53 -101 0
-22 76 148 0
10 43 78 0
47 -52 116 0
99 131 142 0
41 115 123 0
-22 31 118 0
20 67 77 0
4 14 122 0
40 -74 -109 0
-20 -80 -102 0
81 -96 136 0
8 -48 -100 0
-49 67 -70 0
-15 -115 117 0
21 -27 -37 0
28 -107 150 0
36 98 -129 0
-62 -63 -75 0
-52 84 -99 0
22 -73 91 0
-59 -74 -124 0
-20 -66 -92 0
53 -115 -135 0
-49 -58 120 0
7 94 -146 0
5 -12 -83 0
76 100 145 0
-17 -130 131 0
-19 35 -118 0
93 126 128 0
-123 125 -144 0
-1 47 -135 0
-90 -93 -117 0
-9 -71 112 0
-1 61 144 0
-43 55 -118 0
15 -45 146 0
-25 52 126 0
-15 39 89 0
61 -79 139 0
-6 73 110 0
-29 -74 131 0
104 106 -134 0
-13 37 -122 0
54 65 -97 0
28 75 -131 0
1 -16 121 0
-79 -145 -148 0
-18 -129 -143 0
109 130 135 0
44 95 96 0
71 90 -102 0
-45 55 -78 0
-75 -125 -129 0
-38 -77 149 0
29 -83 124 0
72 86 -126 0
75 -84 -107 0
31 113 -126 0
-1 -134 137 0
7 -19 -40 0
-10 38 149 0
93 -101 150 0
-10 109 112 0
11 -101 -116 0
-47 -104 118 0
-70 105 -110 0
26 63 99 0
82 -103 108 0
5 49 -147 0
5 70 -142 0
-126 -140 148 0
-85 -130 145 0
8 -124 146 0
19 -90 109 0
-56 -63 -131 0
-31 81 -83 0
-20 72 130 0
9 15 -88 0
65 73 -131 0
-41 52 66 0