p cnf 150 840
30 -72 115 0
-48 -53 140 0
-75 -95 -105 0
-17 82 -149 0
5 -38 -111 0
3 -131 -143 0
24 -130 -132 0
-39 60 109 0
-5 57 -65 0
76 104 140 0
-17 92 -93 0
-62 -83 111 0
47 -67 84 0
35 -68 125 0
-51 -124 146 0
-17 52 -132 0
65 -66 -70 0
15 117 -143 0
-56 -59 142 0
34 -61 132 0
-12 -78 -109 0
-50 100 -116 0
7 -94 123 0
-44 -52 -143 0
16 58 126 0
6 -34 -130 0
-53 -78 96 0
3 37 -53 0
-41 -62 -76 0
19 -84 142 0
-22 -39 -117 0
14 30 -136 0
16 -88 117 0
14 19 -93 0
-25 96 -104 0
94 -103 144 0
-143 -145 148 0
-66 138 -141 0
27 -29 -114 0
21 -147 150 0
54 116 150 0
-38 -84 144 0
24 27 -39 0
-6 -7 -10 0
27 -77 114 0
52 91 128 0
-24 76 -107 0
-59 -120 -142 0
58 -65 -99 0
21 52 129 0
88 -134 -145 0
42 49 101 0
-21 75 82 0
61 -100 146 0
-13 96 123 0
-42 126 -135 0
40 64 146 0
111 -112 144 0
2 26 -46 0
56 84 -144 0
-65 -67 98 0
-50 -68 138 0
-22 -37 72 0
-74 89 -143 0
-19 21 -49 0
89 114 -117 0
68 -127 137 0
-64 -106 -112 0
93 109 -121 0
10 51 -144 0
61 113 -139 0
46 -66 -142 0
-3 -8 -49 0
-10 15 -25 0
32 48 49 0
67 97 133 0
2 57 138 0
4 48 112 0
30 -32 121 0
-75 -135 -139 0
34 38 93 0
-67 -75 -125 0
-14 77 150 0
3 142 146 0
-8 -15 40 0
-42 57 -66 0
-64 -76 100 0
-23 58 -76 0
19 -82 145 0
-14 15 143 0
10 -103 -113 0
-45 90 130 0
-85 124 -125 0
67 82 -103 0
-79 101 110 0
-53 92 -130 0
-1 -79 84 0
13 44 126 0
15 -18 -134 0
-81 -83 -148 0
-28 -111 -137 0
6 -12 54 0
-39 144 -149 0
-38 -105 122 0
-34 79 104 0
-18 82 -90 0
-47 57 135 0
-28 -34 129 0
45 58 -63 0
28 65 -120 0
88 -129 -130 0
35 -52 75 0
77 -101 136 0
-12 -104 -106 0
8 43 -129 0
19 -52 -97 0
-18 -72 118 0
61 99 129 0
-38 -65 -71 0
1 -66 145 0
-69 107 139 0
2 -12 30 0
-95 124 -141 0
93 -100 113 0
-56 77 -112 0
21 63 -145 0
-38 -39 73 0
-68 -75 -125 0
-102 103 -146 0
1 -50 -147 0
-33 -97 -125 0
-92 -118 -129 0
22 85 -101 0
-42 80 148 0
-86 -87 -132 0
17 19 -136 0
14 -136 146 0
-85 113 -147 0
44 -65 -76 0
21 42 -145 0
-39 -58 84 0
-20 94 -120 0
22 26 -78 0
-50 -51 -72 0
-19 -50 -121 0
59 100 -113 0
70 -116 -142 0
85 117 122 0
-27 61 123 0
-10 23 42 0
51 -57 -129 0
-15 90 -119 0
-23 41 134 0
-49 -66 -85 0
-18 -46 57 0
-98 -109 -112 0
13 -49 -119 0
10 -57 80 0
-14 -72 119 0
40 -133 -141 0
46 -99 -120 0
-78 110 -120 0
-64 -75 -124 0
-24 37 -77 0
7 -32 94 0
29 -32 133 0
14 -130 -135 0
-119 124 -127 0
9 -19 -128 0
-51 -109 138 0
76 119 -150 0
-22 -23 37 0
-86 -94 -111 0
-36 -66 -140 0
29 69 99 0
8 -21 25 0
22 59 131 0
-9 -53 -85 0
55 117 120 0
-49 55 -134 0
-19 45 -86 0
-3 55 -95 0
-19 -67 -117 0
102 133 138 0
-15 -77 -129 0
67 -88 104 0
-8 24 86 0
-66 -89 -125 0
100 -137 -139 0
28 -80 -136 0
-22 -61 -150 0
-42 -102 -105 0
-18 55 116 0
-36 44 -57 0
43 -116 -124 0
22 -63 91 0
7 69 142 0
-5 -65 78 0
70 77 136 0
57 66 -113 0
-42 -53 -62 0
45 52 134 0
-5 133 142 0
-66 -107 -118 0
4 104 126 0
1 -38 102 0
65 -79 -140 0
7 81 101 0
-18 -55 144 0
31 58 -91 0
-42 -49 92 0
-5 45 88 0
22 69 150 0
85 -95 97 0
68 70 -110 0
-9 79 118 0
-22 -127 -132 0
16 87 90 0
26 -45 68 0
-3 65 -77 0
-66 88 -142 0
-35 -93 101 0
-15 -53 -89 0
-26 108 -121 0
-30 -77 116 0
73 101 116 0
-39 131 -142 0
64 66 -124 0
59 62 93 0
37 -128 -139 0
-38 47 73 0
99 125 141 0
6 -79 112 0
-30 -77 -118 0
-21 82 -130 0
-65 -109 -120 0
8 -13 -149 0
41 104 136 0
14 -59 144 0
-73 -95 121 0
53 -104 128 0
-13 -16 35 0
-17 92 -116 0
-69 76 98 0
34 48 139 0
-10 22 -142 0
-102 130 -135 0
-72 -119 126 0
21 -34 57 0
79 -90 -149 0
-30 44 -134 0
53 114 134 0
21 70 -99 0
-2 86 139 0
40 -91 150 0
-25 143 -147 0
37 -54 -116 0
21 -43 -84 0
-3 13 150 0
-96 101 115 0
-21 -44 124 0
26 -81 -143 0
-57 -118 -123 0
16 71 100 0
-55 102 -141 0
22 24 -65 0
75 -76 132 0
-40 -88 -131 0
23 32 135 0
-42 81 142 0
15 54 -103 0
30 -91 93 0
5 -61 -132 0
-17 -45 -68 0
-2 47 74 0
52 -133 149 0
-51 75 -116 0
-109 111 -124 0
-2 61 66 0
-18 -71 105 0
45 111 -127 0
-53 -145 148 0
-56 -116 -127 0
-28 85 143 0
-36 -88 134 0
11 -113 -123 0
11 25 -68 0
4 -88 144 0
6 35 60 0
-54 -66 97 0
54 59 134 0
-87 -105 -147 0
69 101 -116 0
-22 109 -114 0
39 -50 113 0
1 -10 72 0
-42 45 -48 0
4 33 -106 0
31 -67 122 0
25 -28 -36 0
34 40 -51 0
-67 122 140 0
-9 -64 -98 0
35 63 -109 0
8 23 -59 0
78 115 148 0
49 130 148 0
9 -25 96 0
-7 42 -47 0
-49 96 -105 0
15 37 -120 0
60 125 -140 0
35 87 108 0
109 -118 133 0
76 -110 -130 0
-26 28 -94 0
2 34 -113 0
22 38 -118 0
79 -113 -148 0
-46 54 119 0
8 77 89 0
11 58 -80 0
-46 49 58 0
5 11 41 0
-8 95 97 0
-42 103 -111 0
2 94 116 0
51 -67 -128 0
-42 -78 82 0
-58 -70 122 0
81 -96 131 0
-96 -108 -143 0
-45 -59 -113 0
-9 17 -33 0
71 -92 -110 0
62 -67 -124 0
73 -101 -108 0
-12 -63 80 0
26 -100 -148 0
-28 85 146 0
-27 -34 46 0
35 124 -130 0
16 45 62 0
-58 -65 -114 0
66 -88 -137 0
23 108 134 0
57 -84 136 0
14 -21 -39 0
11 -88 114 0
15 -50 -138 0
96 99 142 0
-70 133 -135 0
14 104 -139 0
78 -111 138 0
-50 -57 -148 0
-47 -136 147 0
4 -9 -125 0
-5 24 -33 0
-13 49 -95 0
25 32 -43 0
-29 62 88 0
-42 55 -132 0
-12 -19 150 0
-60 -121 -144 0
97 113 142 0
30 59 64 0
-54 -58 -84 0
37 -59 99 0
-64 103 -118 0
101 102 121 0
-7 -25 89 0
12 -122 -132 0
-14 -42 -111 0
-51 -92 106 0
-2 -96 -148 0
41 66 111 0
37 42 -83 0
41 44 -89 0
25 -49 125 0
-19 -50 112 0
44 85 -135 0
9 90 93 0
-46 58 100 0
-84 -92 -145 0
-35 74 -97 0
46 -52 121 0
-77 84 149 0
37 -48 -69 0
32 120 148 0
8 -123 138 0
57 62 74 0
19 54 94 0
-21 -40 -95 0
-88 117 131 0
23 -81 117 0
12 27 -137 0
39 64 107 0
-61 78 -131 0
21 -110 111 0
1 -43 135 0
31 103 -122 0
-41 137 -142 0
27 -59 143 0
91 -114 126 0
7 23 -60 0
5 6 -144 0
4 -32 93 0
-34 52 -89 0
75 -115 -117 0
1 -107 122 0
84 94 120 0
-31 -76 -148 0
69 119 131 0
119 129 -130 0
-85 106 135 0
-24 -32 114 0
-20 55 -146 0
-20 41 -109 0
11 75 -142 0
52 72 -87 0
-37 -38 110 0
-15 -81 130 0
30 -97 150 0
62 131 140 0
4 -68 -94 0
-1 -71 -89 0
34 146 -147 0
22 53 -96 0
18 19 -83 0
68 100 -123 0
28 58 -141 0
-62 -102 125 0
-5 -17 108 0
61 71 -149 0
1 -97 125 0
53 -73 -130 0
86 143 149 0
-25 54 67 0
49 115 138 0
24 -33 -45 0
-54 114 150 0
-47 -99 -101 0
2 90 -117 0
-66 -70 75 0
11 -78 131 0
-11 -97 141 0
12 99 -108 0
46 69 -103 0
14 -53 -93 0
-63 -91 -136 0
-26 35 47 0
-58 -84 133 0
-20 24 -47 0
-22 28 117 0
-68 -116 -127 0
66 114 -116 0
-87 -102 121 0
17 -77 81 0
-25 -36 47 0
16 -51 -121 0
35 -40 56 0
78 83 -116 0
10 -30 -136 0
33 -79 -147 0
49 -105 130 0
56 -59 86 0
-62 -87 -89 0
-46 -57 -124 0
-42 -94 -142 0
67 109 136 0
38 -90 -135 0
-72 -109 -134 0
-57 98 143 0
-2 79 97 0
-24 -122 -145 0
12 -91 111 0
-28 42 110 0
52 -54 60 0
118 119 -126 0
29 -105 125 0
-36 -78 79 0
-4 44 -87 0
59 -86 150 0
-14 104 -124 0
-53 -122 125 0
32 -95 -118 0
4 58 -101 0
38 -140 144 0
-36 -142 149 0
-54 67 77 0
2 22 143 0
-7 -123 -135 0
-77 99 -150 0
54 125 129 0
-19 48 138 0
77 -106 139 0
-20 -60 -66 0
30 -35 -69 0
2 75 148 0
-94 -107 -125 0
8 -16 46 0
-69 77 83 0
1 -58 -76 0
29 36 -113 0
-59 -117 -146 0
4 -16 149 0
-48 -80 -139 0
-63 99 109 0
-2 65 -133 0
-94 124 -140 0
-3 39 129 0
50 100 103 0
69 107 -148 0
-21 35 85 0
-20 68 147 0
-1 105 -119 0
22 -27 93 0
33 42 80 0
28 54 113 0
46 -75 97 0
11 -48 -116 0
83 122 136 0
-62 117 -146 0
-36 -59 120 0
-33 -101 -129 0
31 -80 -148 0
30 -40 -56 0
-31 -40 142 0
52 -128 132 0
-36 52 -134 0
35 37 88 0
61 -80 92 0
-15 19 -70 0
31 -126 -144 0
-4 -20 -24 0
-12 -17 -74 0
-45 -92 -135 0
28 -69 111 0
78 131 148 0
14 -84 146 0
-1 -18 -100 0
-4 21 -143 0
-50 131 137 0
-9 30 42 0
-64 81 -107 0
54 73 104 0
-19 118 119 0
-101 114 122 0
-50 -69 -123 0
-3 -105 121 0
6 99 -130 0
-79 -82 -105 0
14 -79 -128 0
-21 29 -149 0
9 -54 100 0
74 -76 -103 0
66 121 -148 0
-21 -86 129 0
-28 50 52 0
49 -111 112 0
7 -19 146 0
22 -32 147 0
18 -71 -111 0
22 -41 -60 0
11 -34 136 0
51 57 84 0
-36 -93 104 0
-105 -115 149 0
22 -96 132 0
-4 26 87 0
-35 -50 -119 0
60 -97 103 0
48 56 -62 0
-28 -35 -94 0
-67 -91 120 0
42 78 84 0
-25 -47 -104 0
13 -19 -68 0
-60 -68 -130 0
-58 -129 -135 0
1 67 83 0
-28 -59 145 0
-28 85 -127 0
-39 116 124 0
12 -69 78 0
-37 -84 115 0
41 124 -143 0
51 68 132 0
46 101 -126 0
40 -78 96 0
56 -98 -146 0
124 -138 -139 0
-88 99 113 0
2 23 -70 0
-47 82 88 0
30 -50 121 0
-11 70 86 0
12 -33 -119 0
-58 117 -137 0
-2 -34 -144 0
101 -123 -127 0
-25 36 61 0
-20 39 147 0
4 26 -56 0
-92 -111 -128 0
-22 41 -69 0
-28 -104 -133 0
55 77 -113 0
122 141 145 0
113 -115 -144 0
-39 54 120 0
-57 60 -144 0
-33 -43 145 0
50 -123 -129 0
-22 80 -105 0
25 -34 87 0
-52 -56 110 0
20 120 137 0
-11 54 116 0
87 -99 -100 0
8 39 -92 0
-66 -82 108 0
19 -82 -145 0
-60 61 -72 0
25 82 150 0
-72 131 -133 0
14 58 -98 0
-59 -110 150 0
32 52 129 0
62 103 -111 0
13 128 -143 0
-56 59 -80 0
-113 -121 140 0
-13 -99 -140 0
5 85 145 0
67 -83 -123 0
-20 -69 -103 0
-8 -46 -75 0
12 -37 -41 0
40 58 129 0
-11 40 114 0
63 -69 102 0
-47 89 149 0
7 30 134 0
-27 57 -91 0
-109 -121 123 0
-16 -57 99 0
-5 -23 89 0
18 47 -81 0
-13 37 89 0
87 90 142 0
-47 -52 86 0
-9 -51 136 0
-17 -67 -130 0
36 69 121 0
31 -51 60 0
-31 -56 -67 0
31 99 110 0
54 -104 -110 0
-5 -125 138 0
-55 121 145 0
-22 26 83 0
17 70 113 0
28 54 -128 0
60 -67 -129 0
-5 7 26 0
11 22 -39 0
-8 24 -140 0
-11 -129 141 0
-16 -29 126 0
-7 107 -138 0
-70 -90 139 0
50 -65 75 0
73 -81 -96 0
20 68 101 0
12 18 -21 0
70 -74 -96 0
-25 78 -81 0
-91 -97 -126 0
3 -12 136 0
104 143 -149 0
18 55 147 0
56 62 124 0
-99 -125 136 0
-10 27 -81 0
-27 38 -51 0
-64 -80 -89 0
36 59 -131 0
-6 52 -94 0
9 -12 -15 0
-17 82 114 0
22 -74 -147 0
75 118 -140 0
-103 113 -129 0
20 66 109 0
-7 -31 60 0
-25 75 121 0
5 -55 144 0
16 -46 116 0
5 122 -145 0
-52 -71 135 0
15 -71 -109 0
1 88 -131 0
54 -135 -138 0
1 71 -122 0
81 125 -136 0
-62 132 -133 0
51 79 83 0
-53 -85 -129 0
7 14 -137 0
19 -101 -148 0
-10 11 81 0
-30 60 -66 0
100 123 127 0
-94 -101 -143 0
-15 -122 -149 0
64 72 -125 0
-22 -106 -130 0
-13 74 -131 0
-49 -70 -99 0
4 123 -149 0
-70 111 -135 0
35 54 86 0
-24 -34 54 0
-18 -41 57 0
-70 -104 125 0
-51 -76 95 0
-17 59 104 0
-50 -136 -141 0
-1 6 -65 0
76 77 109 0
53 -61 -111 0
24 -136 -149 0
96 135 -145 0
-9 34 -60 0
33 45 -80 0
19 100 -125 0
23 -31 85 0
-7 69 -147 0
-24 31 139 0
44 -75 104 0
-41 122 139 0
58 75 103 0
12 -107 142 0
-66 138 141 0
44 102 -114 0
30 62 -87 0
17 90 -101 0
62 -88 111 0
48 -105 119 0
-53 -135 140 0
-40 -109 -122 0
61 -83 112 0
-10 -108 116 0
-20 -28 137 0
85 -95 -140 0
-19 -92 123 0
-39 100 -135 0
-39 40 -121 0
17 33 145 0
43 46 -108 0
41 81 -92 0
-3 -10 -47 0
79 -128 -149 0
70 78 -90 0
-16 -121 -132 0
-76 124 -135 0
39 -75 128 0
30 -33 -136 0
33 -48 52 0
34 -107 128 0
19 20 -78 0
14 -23 -26 0
55 -68 -94 0
-81 99 138 0
67 -129 147 0
18 -29 -127 0
-45 47 -101 0
31 -46 92 0
-108 -115 -143 0
-8 140 150 0
-45 62 -65 0
-32 64 -133 0
1 34 111 0
4 64 85 0
-133 147 -148 0
-5 17 -96 0
37 69 135 0
87 -105 -116 0
-56 -105 131 0
-12 25 85 0
-120 -122 145 0
-24 26 -113 0
-15 -27 36 0
14 65 -93 0
81 -122 -132 0
-39 -71 -121 0
-16 -135 -136 0
40 -48 69 0
26 94 -96 0
-15 -102 -109 0
45 -106 148 0
-13 29 -60 0
-26 126 -150 0
-36 122 140 0
-19 38 -59 0
-12 130 -143 0
3 -29 107 0
5 12 -75 0
27 -38 -126 0
-4 -114 143 0
-57 60 -75 0
69 108 -135 0
-1 7 -116 0
-69 127 146 0
-47 -100 -145 0
58 -66 121 0
50 55 -77 0
-76 78 105 0
12 -18 -87 0
59 -81 -136 0
31 58 59 0
-65 88 -110 0
-78 -129 -130 0
18 -64 117 0
-21 25 105 0
26 -29 150 0
-9 -74 111 0
13 -68 109 0
104 -116 -125 0
1 -37 -48 0
-59 -71 -126 0
79 -112 136 0
63 -106 119 0
43 -66 -106 0
-10 43 -62 0
-47 -72 -127 0
53 114 -124 0
14 -94 121 0
2 -21 -60 0