p cnf 150 870
-46 57 65 0
22 41 79 0
39 83 84 0
-67 135 -137 0
-31 89 119 0
9 33 92 0
3 -15 85 0
-33 -125 127 0
26 -66 124 0
-29 -32 62 0
-18 117 -146 0
-49 108 145 0
2 -49 110 0
-39 60 -122 0
5 -122 -126 0
11 55 -128 0
12 78 129 0
28 -43 111 0
-75 130 144 0
-89 119 -140 0
-1 -85 -109 0
43 -114 -143 0
-15 -57 -82 0
18 73 94 0
-28 -29 -43 0
77 130 -139 0
54 -110 -147 0
39 -56 97 0
-82 133 -142 0
5 -100 -109 0
-27 -49 69 0
-16 -43 -145 0
-79 -81 -89 0
19 -39 -71 0
-23 -45 -102 0
-23 24 -87 0
76 -110 135 0
2 -108 149 0
-51 -82 124 0
-70 90 -140 0
42 94 -103 0
-41 52 -116 0
23 -79 -110 0
59 -71 -115 0
84 86 -130 0
-79 -87 142 0
-77 -82 142 0
75 -81 -113 0
-13 -21 -109 0
53 -89 -117 0
48 -78 -122 0
-119 135 150 0
56 117 -128 0
7 84 107 0
30 -33 -118 0
44 -90 104 0
-1 -52 -139 0
94 98 106 0
-3 46 -76 0
-16 73 -133 0
114 137 144 0
-116 -134 -148 0
2 -20 42 0
3 -87 89 0
2 -123 -143 0
69 70 -90 0
23 -48 97 0
7 64 67 0
9 27 110 0
-7 20 -60 0
25 -73 74 0
2 -105 -148 0
-70 75 -124 0
-20 94 -135 0
3 -4 -145 0
-24 93 -134 0
45 -74 -136 0
-106 126 -148 0
43 66 77 0
6 73 -123 0
-44 125 -129 0
-35 -61 120 0
-81 -114 -147 0
3 90 136 0
2 -76 -92 0
11 -67 -91 0
76 86 130 0
-38 113 128 0
-34 -65 112 0
-51 -108 111 0
-19 31 -54 0
-1 18 -119 0
-60 -81 127 0
-3 -12 -109 0
-12 -53 -91 0
-15 75 86 0
1 87 97 0
69 143 -150 0
-8 76 117 0
-8 -20 -122 0
7 9 68 0
3 63 -102 0
52 122 131 0
-20 -66 94 0
-39 116 134 0
27 -93 -136 0
8 106 135 0
-59 98 139 0
-11 21 138 0
19 37 46 0
-65 113 116 0
-4 70 114 0
-9 80 100 0
8 110 116 0
-46 -74 99 0
15 51 85 0
-44 78 -105 0
-54 69 81 0
-66 115 146 0
130 132 -139 0
-51 82 -88 0
-81 87 115 0
-43 87 130 0
14 16 31 0
-39 85 -131 0
-36 100 129 0
-120 138 -140 0
-24 -66 136 0
-31 103 -115 0
-13 23 133 0
57 -58 108 0
42 -56 -95 0
48 -53 145 0
27 51 -133 0
-20 -59 -84 0
-16 96 103 0
-43 -96 -137 0
16 -57 122 0
21 -104 106 0
-18 -136 -144 0
-56 -101 147 0
-33 67 -125 0
42 -48 -99 0
34 -98 -120 0
7 9 112 0
9 -58 120 0
-97 -122 -141 0
2 -108 -119 0
28 -110 -122 0
72 92 99 0
-40 86 133 0
-44 67 -112 0
-115 -122 -142 0
-15 -52 -109 0
-57 94 -123 0
46 82 127 0
61 79 89 0
28 71 92 0
55 -100 -107 0
-30 -52 -79 0
37 -53 75 0
-15 16 60 0
71 -72 101 0
35 -37 -138 0
-51 94 99 0
43 -118 -136 0
-17 55 -73 0
19 56 -70 0
44 -92 -116 0
36 105 -147 0
-85 95 145 0
-14 83 135 0
-6 -122 -144 0
47 -76 97 0
94 98 127 0
-39 -44 -76 0
10 115 -127 0
-46 -51 122 0
47 -96 117 0
-60 70 80 0
-101 106 140 0
10 28 91 0
58 -104 -125 0
117 126 132 0
94 99 146 0
46 -61 90 0
6 32 70 0
-85 95 -128 0
-14 41 90 0
40 84 138 0
2 -98 112 0
-66 95 -138 0
-39 96 -131 0
72 -89 119 0
67 -104 138 0
92 107 116 0
86 122 130 0
1 71 120 0
-65 -82 108 0
21 -59 82 0
-76 118 131 0
22 -48 -115 0
-103 112 149 0
3 -43 -146 0
-8 56 87 0
1 -72 128 0
42 88 115 0
24 74 -150 0
-5 -63 69 0
9 -51 -133 0
-38 113 133 0
-70 108 -148 0
5 7 -115 0
8 31 -131 0
2 17 -48 0
38 72 107 0
18 37 141 0
15 -86 146 0
91 123 144 0
1 -64 82 0
5 -48 150 0
-63 -77 120 0
28 -34 46 0
-73 -74 -132 0
50 -106 119 0
-15 98 100 0
-8 57 -72 0
-23 -62 123 0
47 76 -83 0
77 -118 -121 0
48 122 -132 0
9 128 -147 0
-28 -32 33 0
12 122 -123 0
-20 -82 99 0
-3 125 -132 0
1 27 -66 0
25 122 143 0
63 -84 121 0
-19 117 -143 0
-11 -53 -65 0
20 48 120 0
-82 99 -103 0
-92 -129 130 0
-24 -37 95 0
40 45 47 0
-23 -58 -69 0
51 -116 145 0
12 -68 107 0
-97 100 -120 0
-26 50 98 0
90 99 101 0
1 31 81 0
-53 -70 105 0
65 -106 129 0
116 -147 148 0
2 54 125 0
-28 -58 143 0
-106 -128 -136 0
9 -42 61 0
57 -115 -132 0
86 108 113 0
17 46 -100 0
86 -126 -128 0
-30 -104 -137 0
28 -89 129 0
-39 -98 -127 0
98 -99 109 0
-27 45 99 0
15 75 -105 0
-87 -133 -145 0
74 77 -102 0
17 44 -93 0
45 68 106 0
-11 38 -135 0
96 114 140 0
7 74 112 0
30 35 -110 0
-53 56 -130 0
1 -37 -132 0
-8 -63 -108 0
55 -81 -111 0
64 90 -118 0
16 49 94 0
-24 -36 -47 0
-18 -54 -122 0
-1 104 128 0
2 -64 -109 0
11 -78 149 0
-116 -139 -144 0
18 -56 106 0
120 -136 -147 0
-14 41 -139 0
-56 115 146 0
9 -28 -89 0
-3 19 88 0
-143 -147 150 0
96 100 138 0
-32 -75 87 0
13 -16 -106 0
-9 31 -74 0
40 74 -83 0
-9 28 35 0
-76 -139 -141 0
25 -113 -135 0
-7 87 99 0
-59 79 89 0
-24 -46 75 0
13 -24 125 0
40 112 -114 0
-4 -116 145 0
-56 -110 123 0
-11 67 132 0
41 -101 -125 0
28 34 -79 0
41 -94 -130 0
82 -95 -116 0
-42 100 -107 0
-44 89 -141 0
31 -48 -136 0
44 95 140 0
-26 -138 139 0
-2 -16 108 0
-78 -81 128 0
-12 118 121 0
-53 79 100 0
-45 47 72 0
-101 123 130 0
-19 104 119 0
28 52 73 0
40 -77 -98 0
-58 74 -139 0
46 55 131 0
-67 89 -117 0
8 -24 -70 0
-104 120 -131 0
39 -46 -120 0
-43 47 -65 0
-42 117 -127 0
35 -85 108 0
31 -39 -92 0
-8 -21 -77 0
1 90 -117 0
46 78 -119 0
80 -97 124 0
-66 119 143 0
-33 41 -72 0
41 -82 -150 0
-18 -85 -142 0
-1 15 -66 0
-39 -45 -113 0
61 117 123 0
-5 63 -83 0
-49 -55 132 0
15 -24 -38 0
25 -50 -131 0
-2 111 -139 0
41 -94 144 0
3 18 -102 0
-18 43 81 0
49 -61 -127 0
-46 -47 61 0
31 54 -86 0
24 31 32 0
23 35 101 0
-42 -44 -84 0
56 79 -87 0
-28 119 134 0
-67 95 147 0
-60 101 -102 0
-27 -92 142 0
-50 -94 -104 0
12 -105 -134 0
40 -123 131 0
-41 56 130 0
5 36 43 0
-40 -77 -118 0
-34 64 -142 0
31 39 -99 0
-78 116 133 0
-26 68 110 0
-48 -75 -145 0
-14 53 -138 0
-9 74 79 0
23 77 -89 0
12 78 99 0
-35 -134 136 0
16 91 -136 0
39 -97 -123 0
77 -85 -116 0
39 57 -102 0
29 100 -116 0
1 -7 135 0
-71 -145 146 0
-78 118 -132 0
18 -70 135 0
-23 -59 -74 0
9 -55 106 0
27 -98 -148 0
-35 40 -93 0
-75 -84 -122 0
-6 17 117 0
26 -56 -110 0
57 -78 -123 0
53 -70 131 0
41 127 131 0
57 -66 -78 0
-112 117 -120 0
95 103 -117 0
-36 -41 -69 0
-24 29 -148 0
26 -60 -70 0
-5 20 72 0
58 72 96 0
-60 -116 132 0
-113 -128 -139 0
-29 42 -47 0
34 -104 144 0
-27 33 -50 0
14 -107 150 0
-37 -98 -132 0
-36 87 -122 0
43 -77 -141 0
-36 76 -79 0
11 -96 122 0
-36 -85 107 0
43 -56 -68 0
76 -81 110 0
-32 76 132 0
17 25 138 0
-28 34 -80 0
-17 -40 -145 0
33 -73 -105 0
-2 -37 67 0
-122 132 140 0
-43 -87 -128 0
90 102 111 0
-25 48 -56 0
13 77 78 0
-42 92 127 0
-25 -88 -138 0
-21 43 111 0
-41 101 119 0
-44 55 68 0
71 99 102 0
-13 56 -95 0
34 38 127 0
-1 -93 -129 0
62 79 95 0
-88 109 112 0
13 43 -116 0
9 26 -42 0
-20 50 53 0
51 128 138 0
13 -25 -60 0
-43 -57 73 0
3 -79 107 0
59 65 143 0
-16 -20 -26 0
16 17 -57 0
15 -40 -76 0
-28 -50 117 0
97 121 141 0
115 -130 139 0
-108 -112 -136 0
-21 -73 146 0
-38 98 104 0
-29 -44 -60 0
-61 71 139 0
-6 30 136 0
-2 -99 -134 0
31 87 130 0
46 -99 105 0
82 99 100 0
57 -62 -135 0
70 128 -130 0
7 69 121 0
17 -35 -95 0
-29 78 140 0
107 111 137 0
-9 35 110 0
-89 -91 110 0
-60 61 -122 0
-33 -42 -114 0
-7 78 -98 0
24 -59 -70 0
23 88 128 0
-34 -46 49 0
24 -63 -77 0
-36 71 -97 0
65 -88 -115 0
-59 79 129 0
-28 29 132 0
-1 -57 94 0
-28 -77 94 0
-19 56 -85 0
4 31 -73 0
5 -16 -42 0
-14 61 -68 0
2 -24 149 0
1 -75 -102 0
-72 76 -128 0
6 54 -119 0
61 -87 -107 0
67 78 -80 0
-37 51 98 0
-11 69 -118 0
-66 86 -107 0
61 -72 135 0
25 38 -120 0
65 102 148 0
14 -48 -117 0
13 -44 -92 0
-16 -103 138 0
27 -104 143 0
13 -70 -89 0
2 -128 -139 0
-44 85 127 0
36 -79 108 0
24 61 95 0
27 -36 37 0
-41 -66 -75 0
-8 -98 116 0
-8 -38 -44 0
-25 -61 110 0
37 38 -65 0
74 98 117 0
6 -58 -108 0
6 54 -120 0
-5 -27 -122 0
40 -44 111 0
-4 18 66 0
105 138 145 0
12 -61 -86 0
-24 28 -41 0
33 117 -122 0
-11 19 -63 0
-41 101 -107 0
-75 -90 122 0
7 -67 142 0
32 -119 147 0
-27 66 69 0
-13 -58 -136 0
-78 103 122 0
-21 -111 -123 0
98 126 139 0
43 -54 -73 0
-55 90 142 0
-25 28 -73 0
-46 87 -134 0
58 124 -126 0
-77 94 97 0
35 -112 -139 0
-30 -31 -129 0
11 52 -118 0
-26 -31 96 0
60 -76 -85 0
12 -37 73 0
47 -74 116 0
-21 -80 137 0
67 85 -140 0
10 -92 -108 0
31 -58 124 0
-64 -65 -137 0
-5 49 -102 0
-11 -14 -97 0
3 -51 -115 0
-1 33 -61 0
-32 66 -129 0
1 46 54 0
42 -45 -110 0
-28 37 -80 0
7 -16 52 0
-64 87 -114 0
36 45 -114 0
-108 -135 -136 0
-50 121 -150 0
-24 -53 -148 0
11 -36 107 0
100 -144 149 0
7 84 98 0
85 98 147 0
-51 54 -137 0
20 -84 113 0
-13 93 99 0
20 -48 143 0
-65 -90 112 0
-16 63 141 0
-104 -108 -140 0
3 27 85 0
15 90 -128 0
-26 30 -66 0
-36 -64 122 0
-65 -111 140 0
28 30 57 0
-14 -85 -144 0
-6 122 -127 0
8 -128 -139 0
-11 43 76 0
4 -66 -77 0
8 -99 144 0
17 -67 -125 0
-22 -39 -60 0
-15 20 111 0
77 84 -131 0
-53 -97 109 0
4 33 112 0
-4 79 112 0
85 122 -147 0
31 -44 -111 0
-101 129 -148 0
12 98 121 0
-10 114 150 0
68 99 -105 0
-80 -89 90 0
-54 61 -150 0
7 -117 122 0
1 -42 64 0
40 -65 93 0
26 82 -97 0
-61 -73 -112 0
-82 -87 -117 0
-21 -123 145 0
-40 -49 -124 0
-78 -104 -140 0
-12 24 -58 0
14 61 -73 0
42 -91 138 0
-62 127 -142 0
-13 -24 -85 0
49 -72 112 0
-17 70 -91 0
-3 -18 -50 0
6 47 -147 0
-37 -89 115 0
-3 103 -150 0
-64 -131 150 0
52 -65 -87 0
52 77 117 0
6 25 67 0
-19 108 109 0
-10 51 119 0
53 -115 -150 0
78 -105 123 0
59 -68 128 0
1 18 66 0
-16 -56 90 0
-9 29 131 0
-24 -47 70 0
-29 -123 146 0
-113 130 141 0
-98 -121 148 0
-21 -103 117 0
50 104 133 0
62 -86 103 0
-59 122 131 0
-59 -61 -80 0
-55 -99 -139 0
-15 84 -87 0
12 74 105 0
49 88 141 0
84 -98 146 0
7 -10 -52 0
-45 98 133 0
-58 -63 -64 0
34 79 138 0
67 124 -127 0
-5 -140 142 0
-15 -28 81 0
26 52 -56 0
60 -122 135 0
3 37 128 0
1 51 -78 0
-95 -111 -119 0
-11 -39 49 0
-41 -51 -110 0
-57 67 82 0
34 -61 -65 0
-9 -13 -76 0
85 125 134 0
11 24 -149 0
-3 40 43 0
-24 32 -113 0
40 -57 -97 0
46 -109 -117 0
-32 55 -61 0
71 -119 -147 0
-1 88 135 0
-19 136 142 0
49 -86 116 0
11 51 -147 0
-10 90 -109 0
32 68 102 0
-79 104 -109 0
-115 -140 145 0
103 115 138 0
39 -73 -82 0
-31 59 122 0
-81 94 110 0
62 107 -108 0
-8 -39 -87 0
-81 103 -140 0
-27 119 127 0
-20 101 121 0
10 -62 94 0
41 101 -133 0
-15 -44 47 0
-22 -121 140 0
61 -106 -135 0
-96 -101 147 0
45 -81 97 0
21 -46 -106 0
20 51 115 0
30 -33 -135 0
-19 -124 130 0
-14 -82 -97 0
-50 97 98 0
9 -57 138 0
19 -33 -146 0
-30 51 106 0
12 20 -80 0
-11 61 -127 0
-34 -64 -97 0
41 -59 84 0
94 -115 -120 0
-1 116 140 0
44 78 81 0
-63 67 -131 0
24 -29 -130 0
22 -81 -136 0
-21 -78 -130 0
-4 -64 -89 0
40 -104 117 0
43 -118 -131 0
48 -65 105 0
-84 -90 115 0
-31 -53 -130 0
17 39 -113 0
-10 -48 -108 0
23 127 137 0
-41 -60 96 0
-19 116 141 0
15 -53 -79 0
15 32 103 0
-3 -7 -100 0
104 110 142 0
10 62 68 0
24 60 -121 0
19 52 -100 0
35 -101 146 0
37 45 82 0
96 -110 -118 0
64 106 -107 0
3 9 -47 0
-62 -75 -91 0
-111 -131 -143 0
-20 90 132 0
77 80 -150 0
19 50 147 0
3 13 -80 0
27 -48 51 0
-6 106 -132 0
24 -49 -62 0
-28 -47 50 0
35 40 -79 0
-63 81 141 0
-97 -105 145 0
-14 114 -148 0
22 -100 109 0
-119 -133 140 0
-28 64 104 0
13 -40 108 0
17 -26 59 0
37 121 131 0
-18 114 -119 0
-85 98 106 0
44 -56 78 0
101 134 142 0
8 -21 52 0
-27 53 -126 0
14 99 -127 0
-49 -61 128 0
79 -88 -140 0
70 -115 147 0
6 66 139 0
21 -33 83 0
-29 -101 -131 0
49 110 120 0
22 -122 -148 0
-106 118 -122 0
96 -142 -149 0
-33 -64 145 0
-60 -84 -131 0
-40 124 -137 0
1 128 -143 0
-67 103 -137 0
-4 12 45 0
-50 84 -148 0
56 -100 -122 0
24 -68 -149 0
-30 -58 69 0
-14 36 -79 0
26 -71 -106 0
-22 -23 -36 0
19 -80 141 0
78 97 -131 0
52 89 -134 0
-8 97 -142 0
18 -138 -147 0
49 -97 -128 0
36 -58 -59 0
24 -55 144 0
119 126 149 0
-2 26 45 0
94 -102 137 0
82 -113 121 0
11 96 -121 0
-35 110 -149 0
-48 -79 132 0
61 -85 -149 0
40 -69 132 0
-7 34 44 0
6 66 112 0
-14 45 -60 0
53 -107 -150 0
18 64 -126 0
91 -92 147 0
-110 129 -139 0
16 61 148 0
14 24 -137 0
65 -103 133 0
-62 90 112 0
-19 30 -73 0
-30 36 99 0
-29 118 145 0
42 48 58 0
53 -74 -145 0
-13 58 84 0
2 90 132 0
43 -70 93 0
-36 50 -104 0
-65 -122 -143 0
6 -49 -51 0
-65 126 -140 0
-21 67 -87 0
12 36 -106 0
-15 57 76 0
38 -44 -116 0
13 -75 -149 0
-26 -37 -71 0
-26 -134 -150 0
32 65 112 0
3 -121 136 0
46 123 -148 0
11 -54 68 0
-55 -97 127 0
66 94 -99 0
66 67 114 0
-20 -23 80 0
-4 84 128 0
-12 85 -140 0
14 -28 -109 0
-25 -91 -102 0
-39 118 125 0
72 123 147 0
-59 -71 -91 0
-32 -46 118 0
-45 73 115 0
38 85 -96 0
29 -76 -94 0