p cnf 150 510
77 123 -128 0
-13 59 -91 0
-3 -95 -123 0
46 -76 124 0
-26 -106 -131 0
-10 46 112 0
-4 -96 -107 0
-43 -50 150 0
-62 -133 136 0
6 -50 -108 0
-39 -79 -130 0
-71 89 99 0
-6 121 -127 0
-58 -60 -132 0
14 88 145 0
-54 108 137 0
56 -121 148 0
67 -73 98 0
-37 125 -132 0
-1 31 46 0
-16 66 -147 0
62 -136 -141 0
-33 -71 -110 0
100 121 126 0
44 -58 -64 0
-7 -80 -120 0
31 -76 -133 0
-72 99 -128 0
-25 -95 145 0
-55 68 100 0
-1 -43 101 0
-19 -21 -51 0
-30 -67 -111 0
16 -47 92 0
88 -121 142 0
9 43 -45 0
9 -29 110 0
22 104 -135 0
43 80 111 0
84 -118 -148 0
-16 -25 26 0
-25 -132 135 0
62 -80 -124 0
46 51 76 0
83 87 147 0
2 83 -90 0
-12 68 -127 0
10 36 129 0
8 10 17 0
61 -115 -144 0
55 59 93 0
30 -33 -61 0
37 -115 145 0
-86 -97 110 0
-28 104 126 0
-26 -37 -50 0
54 -89 106 0
66 -100 -146 0
-44 50 -99 0
23 -24 107 0
-15 37 -43 0
-27 -76 104 0
-16 29 46 0
-49 -96 136 0
-34 -50 -140 0
49 67 120 0
-25 89 -109 0
70 -107 -130 0
20 -75 -108 0
-29 91 -122 0
75 119 -125 0
-33 -94 115 0
-69 -85 -116 0
7 -24 82 0
-21 59 63 0
9 19 36 0
88 103 -116 0
118 128 -142 0
12 128 143 0
17 -94 129 0
-35 -60 112 0
-8 -26 -35 0
-6 -114 125 0
4 -5 7 0
-13 50 -66 0
49 90 124 0
-22 -116 -138 0
-71 -130 -134 0
-12 70 136 0
97 -116 -129 0
45 59 75 0
18 -44 68 0
-30 42 145 0
-76 79 -98 0
27 30 113 0
15 28 -44 0
5 -47 114 0
40 -105 -129 0
-20 89 105 0
-9 66 -85 0
12 29 77 0
-66 -118 -119 0
46 -75 116 0
18 -50 55 0
28 -77 -98 0
-75 -108 -117 0
77 80 -103 0
-65 88 -129 0
-23 37 108 0
22 -46 94 0
-62 80 103 0
-34 -55 148 0
-24 105 123 0
27 28 -56 0
-30 -69 121 0
-1 93 111 0
58 -131 143 0
9 -133 -148 0
-54 -77 -119 0
36 81 150 0
5 -70 83 0
-13 -89 104 0
-39 -72 -146 0
24 47 99 0
-65 87 -102 0
55 64 -137 0
64 67 -114 0
-83 110 136 0
68 101 116 0
-78 91 92 0
-79 -99 134 0
-17 29 53 0
38 -130 -142 0
14 86 -98 0
-12 -105 -139 0
-50 63 126 0
-113 -136 -143 0
-12 -71 111 0
4 60 110 0
37 -52 137 0
109 -128 144 0
31 59 147 0
-71 88 -149 0
-56 -114 135 0
2 -31 58 0
-41 53 57 0
51 135 -141 0
-21 31 -94 0
20 58 -74 0
32 -53 -106 0
10 30 122 0
-31 -55 -118 0
34 54 -94 0
4 -75 124 0
32 47 -146 0
105 112 136 0
-5 -59 87 0
61 99 117 0
-11 -12 -148 0
-18 73 -136 0
73 -140 -150 0
21 34 -66 0
40 76 95 0
-106 -118 145 0
-59 101 -123 0
62 -66 74 0
-6 -10 95 0
-122 138 150 0
12 -118 -144 0
45 -114 134 0
19 22 101 0
1 -85 113 0
35 -45 130 0
-23 -121 -139 0
-50 69 -134 0
-6 -97 -150 0
-15 -16 140 0
14 -41 -134 0
-104 110 -128 0
16 -18 48 0
6 73 -146 0
34 -112 -118 0
57 87 98 0
6 36 129 0
-1 -89 -132 0
4 77 -105 0
47 68 -131 0
10 -71 -131 0
91 93 118 0
8 -123 -124 0
-12 14 -106 0
-13 -25 117 0
-13 -90 -101 0
54 -112 113 0
-50 56 -64 0
61 74 122 0
-27 70 -85 0
-5 -27 -85 0
3 97 144 0
-59 -69 76 0
-25 125 -135 0
29 62 -90 0
-11 13 -48 0
-56 -64 -139 0
72 -88 -132 0
22 -34 -71 0
10 113 -121 0
51 84 116 0
-12 37 -111 0
-19 22 -28 0
-39 82 -101 0
21 29 77 0
-20 54 -108 0
2 50 -61 0
-111 131 147 0
-39 59 108 0
30 81 -84 0
76 77 122 0
-42 -48 -98 0
-43 84 -96 0
42 120 148 0
-30 93 99 0
28 -31 -48 0
-13 -70 -121 0
-25 116 -134 0
10 -31 -41 0
26 74 -136 0
-70 -81 -97 0
-15 122 146 0
-3 121 125 0
-83 -89 96 0
5 9 -61 0
23 58 131 0
19 82 -140 0
-15 -71 -94 0
-49 -60 137 0
-30 57 -112 0
-48 87 -118 0
9 -84 -131 0
32 61 -104 0
-3 113 121 0
-66 -73 148 0
-2 -56 92 0
-68 -95 131 0
-93 -122 132 0
14 -20 51 0
13 41 127 0
60 -66 -109 0
82 -119 122 0
63 -73 112 0
35 -75 136 0
44 54 58 0
-15 -35 148 0
-2 71 -115 0
13 -59 -83 0
-36 -69 -144 0
-85 -125 147 0
43 73 91 0
-18 -87 -129 0
-9 -100 -124 0
-63 -74 -149 0
-22 -98 146 0
-27 54 -66 0
14 -83 -133 0
-28 91 133 0
3 78 -121 0
-28 91 -94 0
-4 -38 -81 0
-17 -35 125 0
-2 84 -114 0
5 53 -63 0
-82 -125 131 0
57 -58 -97 0
-69 -114 -119 0
50 -59 67 0
-7 121 -128 0
113 -118 -134 0
-35 119 -125 0
-50 -131 134 0
67 -79 95 0
6 47 73 0
-4 -138 149 0
2 146 148 0
9 57 92 0
28 37 -98 0
-25 71 -107 0
118 131 -138 0
-97 109 -150 0
-2 35 -144 0
-22 -32 117 0
-47 -88 107 0
42 -57 -146 0
14 -44 -138 0
128 129 138 0
24 -31 -52 0
-98 -104 -139 0
-18 92 -137 0
-55 73 99 0
57 -58 131 0
12 19 106 0
34 59 -136 0
-6 43 99 0
7 -65 120 0
35 70 90 0
-118 125 144 0
93 -102 -145 0
10 -80 -112 0
29 -106 146 0
31 -39 -95 0
-24 -103 149 0
35 46 109 0
-54 67 -97 0
32 -80 118 0
-29 73 106 0
7 24 120 0
-11 94 146 0
-34 76 131 0
-5 -76 -98 0
-8 24 87 0
51 74 125 0
21 117 141 0
7 -31 -44 0
76 85 111 0
20 -97 -141 0
32 73 110 0
36 -53 -142 0
-24 -105 136 0
-27 -65 116 0
-95 -105 128 0
-7 10 -149 0
22 29 31 0
-20 52 -104 0
44 -105 -142 0
-31 38 139 0
9 -86 99 0
-92 -100 114 0
19 21 -141 0
103 -116 -144 0
-28 -55 85 0
6 -42 -117 0
47 -115 149 0
55 -108 -139 0
15 88 -150 0
14 133 -138 0
29 -74 -128 0
28 -48 -68 0
-65 -109 123 0
21 -27 -48 0
-9 45 -68 0
-22 78 127 0
-50 -64 -141 0
-91 -108 -150 0
9 -126 130 0
59 86 -97 0
-61 63 147 0
3 -53 114 0
76 -80 106 0
-22 -52 61 0
-34 82 -120 0
-25 -112 -116 0
10 -88 147 0
-3 -18 -138 0
71 107 -123 0
-16 53 -75 0
-3 74 101 0
19 49 -90 0
-82 84 -150 0
-1 35 -100 0
18 75 -119 0
8 89 -137 0
23 -83 149 0
15 41 -64 0
-31 -77 -97 0
-18 102 -150 0
-32 101 150 0
-3 69 83 0
31 -85 -122 0
77 90 -136 0
-17 80 139 0
-16 101 107 0
31 32 -116 0
-19 31 -54 0
16 61 104 0
28 97 -136 0
21 -39 134 0
-83 -85 -129 0
71 101 -148 0
57 101 142 0
76 -86 -145 0
46 -94 -102 0
48 -50 120 0
-69 -90 132 0
-66 -89 -98 0
-74 -75 -128 0
-48 63 -115 0
27 65 -93 0
-29 -57 -132 0
-9 -24 -54 0
-29 92 145 0
37 46 -117 0
57 -70 128 0
-20 -122 140 0
29 68 129 0
-51 55 101 0
-50 54 -119 0
-42 -46 51 0
10 -85 126 0
-32 36 -40 0
-26 -93 108 0
-62 -72 -135 0
-12 -102 -117 0
41 -49 -102 0
-25 -40 84 0
49 76 118 0
25 -55 -91 0
-32 69 -106 0
-12 56 63 0
8 102 -132 0
-2 -10 -45 0
35 -110 -141 0
10 -35 37 0
-3 -12 50 0
-2 18 34 0
90 -98 133 0
-4 12 -109 0
-27 -90 97 0
13 14 43 0
126 143 -148 0
16 76 134 0
-36 51 112 0
40 -142 -145 0
-54 -112 120 0
-6 36 89 0
-76 123 -150 0
-15 -58 -120 0
42 133 -139 0
41 70 -83 0
-50 52 -62 0
7 -56 100 0
-17 -34 -131 0
-39 -131 145 0
-36 116 125 0
14 133 -140 0
-54 -59 136 0
-1 10 -41 0
-18 -41 -50 0
-56 104 -120 0
25 -65 108 0
-18 -57 110 0
32 36 -51 0
-60 -70 -72 0
12 48 -67 0
32 84 90 0
43 80 -87 0
-39 93 -138 0
58 -108 116 0
-2 48 134 0
70 -72 -103 0
30 -98 138 0
108 130 140 0
4 -38 -98 0
7 31 -145 0
22 54 55 0
36 -47 -101 0
-41 45 64 0
1 -101 -120 0
-30 40 -145 0
65 67 71 0
30 -82 95 0
-77 -110 119 0
-30 75 82 0
-65 -95 -134 0
-27 34 110 0
44 -50 -134 0
61 -81 -96 0
68 97 99 0
-13 -17 20 0
21 -41 128 0
3 -39 86 0
73 95 -109 0
-1 37 -135 0
-45 88 -96 0
40 -64 144 0
-54 -111 120 0
35 -112 139 0
37 41 -101 0
23 25 91 0
25 62 135 0
37 -79 -82 0
-27 -104 106 0
32 -115 -129 0
70 -137 139 0
7 -68 -83 0
-5 95 -114 0
-84 124 -147 0
30 -89 -144 0
-101 122 148 0
-87 -121 -137 0
13 34 -49 0
-16 -90 -133 0
-90 91 -146 0
14 46 63 0
-1 -27 59 0
1 19 119 0
23 -108 132 0
22 -45 -50 0
-27 77 107 0
96 109 150 0
-28 -67 -128 0
-53 -102 -124 0