p cnf 150 450
48 -57 85 0
15 -100 -101 0
62 -69 124 0
57 71 101 0
-23 26 -103 0
-35 58 -114 0
-41 81 90 0
-49 86 -113 0
-1 65 139 0
36 38 -139 0
3 -107 112 0
-14 -73 -105 0
71 -135 138 0
101 117 -119 0
28 53 -89 0
92 -110 127 0
51 -74 -124 0
-2 -7 -66 0
-25 -66 -81 0
48 49 -88 0
-41 113 -114 0
-45 -55 -112 0
-34 45 -101 0
-5 42 -134 0
9 41 -53 0
-25 91 109 0
20 -69 -133 0
-32 59 -100 0
107 -135 149 0
-10 -83 132 0
41 44 147 0
-18 53 -139 0
-53 -74 149 0
-62 -80 -95 0
-48 -51 56 0
-6 -99 138 0
5 -101 -128 0
114 126 129 0
-16 -107 -142 0
26 128 133 0
-77 88 -105 0
57 -96 120 0
20 53 -107 0
4 -108 120 0
-12 44 -72 0
3 -59 128 0
3 55 -121 0
24 -50 96 0
8 37 -124 0
-93 116 -118 0
-110 117 -130 0
15 -97 -107 0
118 -140 150 0
-25 52 -109 0
-15 126 -146 0
35 91 -137 0
-32 -64 106 0
-33 63 -145 0
-7 11 110 0
31 -59 72 0
-78 -84 88 0
7 64 -67 0
-8 81 -143 0
55 73 -89 0
-26 -58 92 0
-55 115 -136 0
-48 -62 96 0
-98 -118 148 0
7 31 113 0
-38 -40 113 0
21 87 143 0
26 -104 -112 0
11 36 -70 0
3 -110 118 0
-61 -127 -145 0
3 68 -76 0
31 -32 -144 0
-27 57 128 0
40 -59 -140 0
40 -79 -97 0
-32 -43 -117 0
1 -99 -123 0
-10 119 136 0
9 89 114 0
14 -77 110 0
-32 112 136 0
10 36 149 0
17 99 -118 0
-2 39 -145 0
78 141 -143 0
7 37 -119 0
-61 73 136 0
20 -25 73 0
-63 77 102 0
13 -52 76 0
83 -112 146 0
74 100 134 0
-63 71 -122 0
-61 -81 -134 0
-52 -113 137 0
59 -72 -133 0
41 -49 -125 0
-8 85 135 0
-8 46 63 0
45 -82 105 0
31 112 -143 0
-18 55 -83 0
13 47 61 0
85 -137 -144 0
-2 84 97 0
15 82 102 0
3 -11 -56 0
23 60 102 0
18 48 -76 0
-16 42 115 0
28 32 -67 0
113 -118 -142 0
9 -94 99 0
123 139 143 0
-80 -103 -111 0
9 41 133 0
-10 74 96 0
-50 -51 -70 0
-4 77 113 0
97 -133 135 0
9 -51 -146 0
25 -43 -60 0
-27 -46 52 0
-18 -106 -121 0
-1 13 50 0
110 115 144 0
-3 -88 104 0
-40 -106 -118 0
-7 86 141 0
-57 69 -128 0
35 -38 -87 0
66 82 -86 0
39 81 97 0
-72 112 -119 0
-89 -114 147 0
-23 64 124 0
8 10 -22 0
-3 58 65 0
12 16 -52 0
-83 87 114 0
15 53 -88 0
-24 -39 -47 0
-43 53 -69 0
-60 -90 104 0
-9 31 93 0
-75 -106 -149 0
31 85 -92 0
14 118 130 0
33 -95 146 0
49 117 -133 0
48 107 142 0
-2 -12 125 0
2 45 65 0
-38 79 137 0
3 7 72 0
-28 107 -131 0
52 -90 135 0
49 73 -115 0
18 -39 -122 0
-103 -108 -146 0
18 19 -141 0
-44 -65 91 0
-39 -110 -128 0
-2 80 -133 0
35 43 138 0
-14 -105 -145 0
43 97 -138 0
-1 5 -23 0
24 93 -123 0
-13 22 -87 0
41 89 -94 0
-41 -69 138 0
8 -77 149 0
52 -72 98 0
11 62 145 0
-67 108 -120 0
67 -149 150 0
-61 62 -129 0
-61 -89 139 0
9 36 40 0
-115 -134 -144 0
-52 -106 -142 0
52 -73 -138 0
-70 143 150 0
23 51 -148 0
-39 46 -94 0
-1 -133 -144 0
-22 95 -101 0
12 85 116 0
-3 -36 -134 0
15 39 41 0
77 -93 -103 0
-45 48 -70 0
-35 -63 -109 0
66 118 137 0
46 -59 138 0
29 -89 129 0
20 72 108 0
-4 -25 52 0
-55 -61 140 0
-49 72 128 0
29 47 -124 0
8 39 112 0
-42 87 127 0
-45 55 -82 0
-47 -50 78 0
-57 -65 80 0
-35 75 139 0
-19 -21 -126 0
-10 -34 46 0
-11 -20 22 0
-43 102 104 0
2 84 -105 0
38 -53 -72 0
24 33 -140 0
27 43 -97 0
-30 -112 124 0
-8 45 63 0
-55 -75 -146 0
57 -76 77 0
77 -90 -105 0
112 -127 -142 0
109 128 -148 0
-10 -98 110 0
-17 87 -99 0
6 108 -122 0
1 16 -120 0
75 -128 -144 0
63 -77 -85 0
-7 -50 109 0
57 -79 -128 0
5 -34 -72 0
2 -133 -146 0
-7 48 -94 0
54 -78 148 0
-57 -110 -142 0
19 28 -70 0
43 113 -144 0
15 23 -113 0
-14 -86 137 0
43 74 -127 0
-120 125 -142 0
-3 66 -73 0
19 114 -121 0
68 -81 -85 0
-93 99 -126 0
30 -33 -75 0
21 24 97 0
19 -20 -47 0
26 39 -75 0
43 75 78 0
-24 -99 -114 0
-34 -105 -126 0
-15 98 -107 0
24 -77 80 0
-26 -60 128 0
59 100 136 0
-12 -85 133 0
-81 -98 143 0
84 -87 100 0
-27 -46 -99 0
-43 -96 -117 0
-91 -99 -146 0
-42 -54 118 0
-18 48 122 0
17 61 69 0
-101 -106 140 0
-78 -88 133 0
64 110 -143 0
17 -66 128 0
-128 -138 -148 0
-2 44 -95 0
84 108 149 0
75 -108 147 0
33 -61 92 0
-55 134 -146 0
10 11 89 0
-64 -78 92 0
-31 63 121 0
-21 -111 -115 0
18 -50 100 0
77 88 -93 0
-8 16 -22 0
41 -66 136 0
16 19 128 0
-8 30 -57 0
4 -13 89 0
-15 -117 -126 0
-2 -21 -86 0
14 -45 -71 0
32 -80 134 0
-1 -64 74 0
2 -79 -148 0
-37 -76 -116 0
33 71 145 0
-39 69 -105 0
2 17 82 0
-39 52 128 0
3 21 137 0
-28 -37 144 0
59 -65 126 0
-22 84 120 0
-30 -92 121 0
-11 36 61 0
39 -44 -88 0
105 108 -150 0
102 114 127 0
82 99 -101 0
2 66 137 0
11 -102 141 0
12 -60 -68 0
21 129 -136 0
-35 -95 141 0
2 -6 96 0
53 -66 97 0
-48 -92 -104 0
36 118 -122 0
32 49 74 0
-35 36 -106 0
34 54 -75 0
30 -55 -96 0
7 -37 -63 0
-45 80 81 0
23 -60 -87 0
-58 67 85 0
-72 -135 142 0
2 45 -86 0
-20 124 129 0
80 -99 -143 0
39 -106 122 0
-79 95 -126 0
27 -73 121 0
32 -78 91 0
-33 90 -125 0
62 -123 -143 0
15 -27 -63 0
29 74 138 0
-59 -65 -103 0
71 75 -116 0
58 -66 -116 0
24 -81 -98 0
-92 108 -129 0
78 -98 -112 0
-43 -64 96 0
-36 -74 -91 0
8 84 -137 0
15 49 -108 0
-4 110 114 0
-17 -45 -83 0
-11 28 138 0
10 -144 -150 0
-83 92 -135 0
-81 -133 -140 0
105 111 118 0
58 64 95 0
-52 -77 104 0
22 -24 97 0
17 -37 100 0
39 -45 108 0
-36 -41 78 0
-108 111 122 0
17 68 -140 0
10 -49 114 0
50 57 -140 0
-43 105 132 0
-35 64 -115 0
-34 -124 150 0
4 55 81 0
76 -85 -99 0
-16 86 98 0
-90 -99 -123 0
27 57 89 0
64 122 146 0
-13 119 -148 0
9 64 116 0
-89 127 -134 0
-58 -147 150 0
-41 -127 136 0
36 -129 145 0
-8 115 -131 0
40 61 -119 0
85 92 146 0
14 33 -133 0
-93 99 -145 0
2 11 -53 0
-49 73 136 0
75 -95 140 0
-8 -40 94 0
12 33 -142 0
47 -72 73 0
-14 -36 106 0
-28 38 50 0
-42 -83 -140 0
25 -81 -98 0
-63 -83 131 0
46 53 -109 0
101 137 142 0
2 -124 131 0
-109 -139 145 0
-68 86 -107 0
-5 -76 143 0
8 62 115 0
-71 -129 -137 0
-47 71 146 0
-40 -83 -116 0
11 40 131 0
-98 120 -124 0
38 -97 -107 0
65 -79 -112 0
-1 91 -149 0
-24 -96 -146 0
24 -57 68 0
55 102 103 0
-83 85 -116 0
8 -38 -83 0
-1 88 134 0
-71 -76 -110 0
-83 90 -150 0
-95 100 -140 0
-45 -52 -73 0
-6 78 106 0
-21 -53 -66 0
-17 -22 -64 0
103 -112 124 0
76 -88 142 0
-80 111 116 0
17 -111 150 0
27 34 -145 0
18 48 -56 0
-15 -61 -137 0
81 140 -149 0
79 138 -140 0
-16 -70 127 0
-12 110 -129 0
-6 33 102 0
-34 -132 -150 0
-72 -82 130 0
-43 -94 143 0
84 128 -149 0
25 -61 65 0
9 47 97 0
90 97 -112 0
-6 -79 115 0
44 -93 -105 0
3 -132 -142 0