p cnf 150 900
55 -135 -140 0
3 36 -94 0
77 112 -130 0
-65 82 -128 0
-5 79 129 0
-24 -51 92 0
-86 100 135 0
-16 -89 143 0
-63 118 -123 0
54 -57 131 0
8 51 -71 0
26 -109 148 0
-29 41 -109 0
65 114 137 0
31 -63 137 0
36 -72 -98 0
44 -85 -141 0
56 -124 148 0
-98 114 -147 0
-91 -92 -102 0
60 -104 -146 0
84 110 -114 0
94 106 130 0
10 -63 -118 0
-100 138 148 0
-27 -43 -149 0
-28 -60 123 0
92 101 132 0
103 -110 -133 0
-9 88 -119 0
-13 39 120 0
62 65 69 0
78 -91 107 0
-10 17 53 0
33 -96 -105 0
51 -54 102 0
33 -53 -105 0
6 42 -127 0
7 -37 -61 0
40 50 81 0
-106 -145 149 0
-50 -88 -102 0
-18 -21 70 0
-115 -120 128 0
8 -17 63 0
-44 80 118 0
45 -86 -134 0
-58 84 -111 0
5 7 -55 0
17 26 -99 0
24 -63 -82 0
-12 -97 -99 0
-34 58 146 0
-12 40 116 0
-5 -78 113 0
74 -110 129 0
58 -118 144 0
-2 -114 141 0
-66 -72 -103 0
-7 85 144 0
13 -53 -99 0
9 -21 57 0
-89 105 -118 0
63 -102 -106 0
22 -93 -118 0
28 116 118 0
74 80 132 0
27 62 104 0
-40 103 136 0
-22 28 -30 0
-21 -74 -114 0
44 -80 -82 0
57 85 123 0
-12 70 -89 0
-32 80 120 0
10 -47 -97 0
24 -46 -54 0
120 -127 130 0
-33 -105 -120 0
25 -65 -136 0
-52 -103 124 0
-11 125 -140 0
12 -105 112 0
2 -36 115 0
79 -90 92 0
19 -98 116 0
13 -18 94 0
-69 72 121 0
12 -97 -98 0
-30 135 144 0
105 111 137 0
-30 90 123 0
25 60 -63 0
43 71 -143 0
-18 47 -83 0
1 -96 137 0
-80 128 149 0
-51 63 -124 0
25 58 -119 0
50 -73 -112 0
-9 -113 -115 0
39 49 104 0
86 116 136 0
28 -49 -68 0
-18 -24 146 0
-112 133 145 0
-22 -91 112 0
15 -26 54 0
68 96 102 0
-3 36 -102 0
24 128 150 0
-17 -24 64 0
43 95 149 0
5 23 -41 0
86 90 145 0
30 52 -83 0
-9 -23 63 0
77 80 116 0
-11 -51 132 0
15 -22 26 0
-45 94 125 0
-30 61 72 0
90 -108 126 0
78 -81 -90 0
-62 94 -149 0
14 75 124 0
-25 105 -114 0
85 113 146 0
114 124 142 0
37 88 -145 0
27 31 -92 0
-24 82 -129 0
-16 -69 122 0
7 -114 133 0
102 -122 -140 0
4 21 -138 0
-9 48 -91 0
34 78 -82 0
-18 -66 104 0
-16 -107 -121 0
-80 -112 148 0
-63 90 -109 0
-21 89 -145 0
-19 -41 -131 0
39 96 -106 0
-3 74 142 0
-8 -74 -122 0
74 -102 -121 0
-45 55 -145 0
-44 -46 -123 0
57 65 128 0
-70 -84 -144 0
-30 -73 106 0
-26 -96 103 0
14 100 131 0
-18 94 -120 0
1 -10 -116 0
-54 65 107 0
52 -72 -121 0
-18 -28 96 0
-78 96 149 0
57 86 -147 0
-14 29 134 0
-6 115 -117 0
-20 90 -137 0
-42 -91 148 0
13 -66 87 0
-62 79 -119 0
63 -64 89 0
-37 44 138 0
-57 -96 127 0
-16 59 148 0
32 33 80 0
-65 -104 146 0
-9 -119 142 0
-9 38 101 0
58 91 -102 0
-2 34 62 0
-2 -42 62 0
16 60 -123 0
9 114 129 0
-14 22 -40 0
-13 28 -57 0
-48 62 84 0
28 43 -100 0
-83 121 133 0
-8 -26 -147 0
9 60 68 0
25 67 118 0
-37 123 -139 0
24 -42 81 0
-98 111 -136 0
36 46 -89 0
-5 11 -24 0
37 -70 116 0
2 18 -22 0
10 -30 -99 0
-22 -32 -67 0
25 -78 -143 0
-60 79 127 0
114 -116 128 0
41 100 120 0
-54 114 -140 0
40 -147 148 0
-27 -82 -120 0
-54 60 134 0
-55 68 140 0
-68 -83 -109 0
-34 43 124 0
-27 -54 61 0
-27 40 66 0
-14 17 141 0
21 24 137 0
-26 -55 127 0
37 -54 -93 0
-14 -89 110 0
6 36 -121 0
65 105 -118 0
-58 -90 92 0
83 91 -111 0
78 -92 99 0
-38 97 129 0
-120 -139 -148 0
-8 12 -26 0
-9 -113 139 0
-17 -71 73 0
1 -3 77 0
-77 87 -101 0
6 -85 136 0
-60 -74 -136 0
-50 111 -147 0
-28 -105 -119 0
19 20 28 0
44 85 -110 0
-62 -90 123 0
-20 -75 79 0
-43 -56 88 0
-30 -54 -91 0
100 107 -127 0
64 89 -148 0
70 -78 -104 0
33 -54 -98 0
21 29 89 0
110 136 140 0
-20 -60 61 0
-87 90 -99 0
56 77 -130 0
-71 95 108 0
73 91 132 0
-13 -94 140 0
14 -23 34 0
27 45 141 0
-14 140 -145 0
44 131 -141 0
-11 104 142 0
-57 102 -120 0
38 -82 134 0
-105 122 126 0
64 90 113 0
57 -116 -149 0
-39 41 123 0
-34 128 133 0
13 25 -64 0
-31 -79 99 0
37 -46 123 0
5 58 -82 0
-58 67 -131 0
9 26 -137 0
38 48 58 0
-82 -118 149 0
-60 -97 143 0
-1 -127 142 0
11 14 -51 0
37 61 116 0
42 78 -127 0
-16 43 -150 0
56 110 -111 0
-89 -105 -146 0
-20 -110 -133 0
-31 -43 68 0
-6 -27 117 0
-24 120 134 0
13 -33 -133 0
33 -129 140 0
7 -82 112 0
2 48 -113 0
1 -103 137 0
-69 119 -148 0
27 -46 -124 0
-8 40 -114 0
-12 -28 133 0
30 34 -100 0
13 -81 84 0
16 66 -94 0
4 -33 68 0
-20 144 -150 0
-4 7 -24 0
44 65 -114 0
-2 -60 -127 0
85 133 -143 0
-59 85 142 0
16 -21 -128 0
-83 89 -116 0
-4 -14 67 0
15 -81 -85 0
-17 -96 142 0
41 -47 95 0
-40 -147 -149 0
-48 85 -138 0
-31 84 -97 0
-106 -119 -137 0
-16 -44 147 0
39 68 -111 0
94 138 -144 0
-6 73 144 0
79 -92 130 0
-17 21 -150 0
-26 -53 66 0
-14 28 -143 0
-68 131 145 0
92 -125 -142 0
-2 33 -71 0
13 -130 137 0
42 -88 -140 0
-15 -95 -125 0
-91 118 -148 0
-62 63 137 0
42 -74 115 0
-8 44 50 0
-37 -121 -148 0
68 -108 117 0
-102 116 -137 0
-7 -102 146 0
28 -72 144 0
73 -100 144 0
104 -112 129 0
-27 -60 -146 0
47 140 144 0
-29 31 134 0
17 -121 130 0
-91 115 121 0
4 27 -64 0
-66 74 -91 0
23 -109 -148 0
-47 95 117 0
-54 126 -138 0
-38 -94 -150 0
-112 143 150 0
-9 -90 113 0
25 -79 83 0
-62 -75 -111 0
71 -146 147 0
15 -112 -145 0
85 -113 130 0
-60 104 -107 0
-95 100 124 0
6 36 -115 0
-44 -54 60 0
-55 70 128 0
16 97 -134 0
-10 44 -124 0
-116 -141 146 0
-17 23 -90 0
4 124 -135 0
-14 -15 126 0
76 100 135 0
33 -101 142 0
-35 -90 147 0
7 18 -72 0
-30 -45 50 0
48 92 -140 0
-2 25 -65 0
-28 80 87 0
46 -72 148 0
40 -56 -86 0
25 84 103 0
-34 57 -148 0
54 60 -150 0
-34 -35 73 0
-13 66 76 0
-31 82 -147 0
8 28 -142 0
-64 -89 109 0
-22 32 -122 0
-93 -119 137 0
43 -77 -121 0
-78 -121 -128 0
-32 -55 -64 0
-7 -47 60 0
1 -45 -148 0
-75 101 -129 0
-45 -64 145 0
-91 97 133 0
-23 -63 -71 0
109 -111 -132 0
17 34 41 0
-11 66 118 0
-45 48 56 0
7 -12 -42 0
63 114 -145 0
-37 -57 103 0
12 78 86 0
-2 41 -93 0
44 -82 -107 0
13 -50 123 0
-81 -102 -126 0
-16 -28 -35 0
15 -93 116 0
37 58 142 0
1 -25 82 0
55 -114 150 0
-35 -105 -147 0
-28 -56 -100 0
32 41 54 0
57 68 -142 0
19 -39 64 0
-20 -33 68 0
69 73 -88 0
-40 -98 112 0
27 32 -105 0
-41 -108 -121 0
-44 58 74 0
-22 125 134 0
39 -83 90 0
72 -109 118 0
-36 -79 -84 0
2 -106 -116 0
-42 105 -143 0
-35 -48 119 0
79 -83 90 0
-11 71 136 0
-28 -118 -131 0
-49 69 121 0
28 88 119 0
-36 101 -150 0
-60 -72 -136 0
6 24 -127 0
6 -57 126 0
-82 -88 -121 0
-65 119 -134 0
40 67 -148 0
45 121 129 0
-35 -39 44 0
-47 88 -91 0
21 -49 -60 0
34 74 -88 0
12 -110 149 0
-16 -64 143 0
-25 -63 128 0
-20 81 -102 0
19 36 -149 0
40 -106 131 0
-13 65 118 0
-58 -74 113 0
-51 105 -126 0
29 -78 -119 0
43 -56 -130 0
-82 100 -118 0
62 86 92 0
11 29 -99 0
36 95 -142 0
-13 88 -92 0
-33 -78 94 0
-55 -68 140 0
22 -91 -128 0
66 -67 -107 0
34 67 137 0
-50 113 143 0
-19 114 -132 0
-2 -81 -112 0
36 63 86 0
11 -20 137 0
71 -84 99 0
15 -46 -115 0
51 -58 105 0
11 -52 -104 0
10 17 -97 0
-29 -110 -146 0
-28 -94 -115 0
17 22 -131 0
64 92 -150 0
83 144 -147 0
74 122 124 0
-39 -53 -113 0
-54 -102 -137 0
-5 -84 -94 0
99 -107 -108 0
73 -86 -100 0
-3 22 -42 0
-119 -139 144 0
-17 -68 87 0
32 -121 -145 0
1 25 -59 0
-37 41 -54 0
53 -55 -121 0
40 -101 102 0
6 96 136 0
-61 -68 -95 0
6 74 130 0
2 29 -108 0
-32 -36 -112 0
18 94 -99 0
-29 58 -136 0
-19 91 98 0
94 113 115 0
11 33 99 0
-84 -130 -143 0
25 55 -114 0
-20 106 -140 0
-9 26 -150 0
4 15 -21 0
-4 66 -143 0
-36 47 82 0
94 -100 -121 0
-29 49 -97 0
-22 53 62 0
-8 27 -140 0
-29 95 -120 0
-71 -74 -129 0
-35 -105 124 0
-16 39 98 0
-40 -43 -45 0
-41 69 126 0
2 83 -147 0
-38 -41 -126 0
-50 95 150 0
35 42 -92 0
-36 51 -103 0
-114 -120 -127 0
99 -108 145 0
-81 101 -108 0
-6 10 -110 0
55 78 -94 0
27 -39 -51 0
8 -60 97 0
29 -117 120 0
35 56 -148 0
-50 90 127 0
48 -75 -125 0
-82 130 -148 0
40 140 147 0
-11 45 -114 0
-16 -68 -111 0
28 -92 -127 0
-14 -113 122 0
-63 -134 -142 0
31 -91 107 0
-13 -111 150 0
51 -67 -123 0
51 74 -95 0
-27 45 95 0
-64 -92 -129 0
44 133 -146 0
-20 29 150 0
11 -29 -146 0
-44 -55 122 0
21 59 95 0
8 -44 127 0
60 69 -142 0
25 -132 -150 0
-26 46 148 0
57 84 -129 0
-66 -102 -112 0
8 -53 -68 0
-6 15 121 0
2 69 146 0
1 -43 135 0
24 76 125 0
8 -73 -114 0
40 81 115 0
-7 119 -125 0
2 -50 -132 0
-48 122 -128 0
25 -48 -115 0
52 -62 76 0
32 46 102 0
-33 59 145 0
8 89 104 0
91 -96 -136 0
25 -85 -144 0
-1 -67 72 0
-88 98 150 0
-73 126 -141 0
-50 107 118 0
83 -89 93 0
-15 -53 -79 0
21 33 -81 0
93 -120 -129 0
-121 131 137 0
-31 -97 -100 0
-26 70 -138 0
23 86 127 0
3 -32 -123 0
-48 78 105 0
-30 -50 -69 0
50 -72 -88 0
-76 116 120 0
47 76 -134 0
61 75 85 0
35 72 74 0
48 59 -60 0
14 -41 46 0
16 -29 111 0
8 67 -121 0
-116 -129 138 0
12 15 91 0
-67 107 139 0
-1 -68 71 0
10 -97 109 0
-29 76 -106 0
-9 -40 58 0
28 99 138 0
60 101 -134 0
2 -83 147 0
46 -105 137 0
118 124 -138 0
13 59 -114 0
-86 102 -120 0
-49 -84 -149 0
-19 25 -68 0
40 -43 150 0
111 -127 134 0
-40 87 134 0
74 -86 -129 0
-62 -65 -109 0
20 21 -130 0
-37 -80 88 0
3 60 -135 0
34 -75 94 0
-34 -65 101 0
-22 37 129 0
-19 -115 117 0
20 52 69 0
-6 61 73 0
-32 -101 115 0
25 -71 -103 0
-7 -64 96 0
37 116 -134 0
-52 83 -135 0
-37 45 -117 0
9 -28 -87 0
-31 -80 139 0
11 -73 112 0
116 -117 136 0
-16 22 -121 0
38 100 -142 0
47 -68 88 0
-71 -124 -141 0
-106 -115 123 0
29 52 70 0
21 24 78 0
-33 55 114 0
44 92 -110 0
15 -107 -138 0
1 -35 115 0
13 117 -131 0
-50 -105 133 0
-1 -28 92 0
-7 -97 -122 0
-9 49 94 0
72 80 -99 0
-100 -118 -137 0
-28 -61 -66 0
-1 -13 126 0
-9 -25 -53 0
-5 -42 -128 0
-49 -57 -124 0
-85 98 -137 0
1 -21 -37 0
19 -23 119 0
-18 -40 -101 0
52 60 -130 0
25 -31 66 0
-39 106 109 0
-26 105 106 0
-48 49 54 0
17 -18 -31 0
-110 126 -150 0
-14 -30 88 0
-49 51 109 0
11 105 -113 0
102 106 -116 0
-13 -81 -97 0
-18 -99 -101 0
-6 -91 136 0
86 106 130 0
-66 119 132 0
37 -72 -89 0
4 10 -147 0
-33 92 -98 0
-60 -93 105 0
-25 63 118 0
-55 68 -88 0
6 -49 84 0
-23 97 150 0
-58 89 129 0
19 -25 -39 0
-11 117 133 0
28 -130 148 0
27 49 -147 0
-5 -40 -107 0
-3 6 24 0
-54 77 124 0
61 75 100 0
-73 102 -118 0
18 37 -41 0
-52 69 -117 0
48 104 -140 0
9 -31 117 0
-33 40 117 0
-24 38 -93 0
21 -36 111 0
-137 -147 150 0
43 -62 85 0
5 -13 -63 0
58 -78 100 0
-47 53 90 0
-20 -107 -149 0
-43 -55 -131 0
3 -112 146 0
-112 -117 -119 0
47 103 127 0
47 97 124 0
-21 93 -121 0
20 22 34 0
-22 -39 -114 0
-54 -76 -144 0
78 -103 -144 0
-86 137 142 0
45 49 -121 0
16 -38 80 0
17 24 90 0
-16 -85 145 0
-17 -66 143 0
4 74 143 0
25 -35 51 0
38 74 112 0
-54 133 139 0
-33 50 -79 0
44 -60 142 0
-49 -50 -135 0
-2 72 145 0
14 35 136 0
31 -54 -58 0
-36 -74 -81 0
-3 -61 116 0
-26 -47 -63 0
-29 81 139 0
-67 -103 -107 0
-22 79 122 0
-1 91 147 0
99 -104 133 0
2 94 -100 0
-75 112 130 0
-12 -134 140 0
-22 65 149 0
40 59 115 0
-79 -89 -98 0
4 45 85 0
21 40 -56 0
-17 72 -125 0
-10 109 136 0
65 106 -136 0
87 -96 103 0
57 100 139 0
38 -77 -95 0
70 131 135 0
19 31 -112 0
-9 39 73 0
-73 102 -112 0
-51 -122 -149 0
-36 -114 -125 0
-26 -90 112 0
-62 -118 -132 0
24 90 -150 0
-17 127 -138 0
-33 114 -150 0
-55 -56 -149 0
14 18 142 0
-45 -52 64 0
17 56 -116 0
71 95 -125 0
4 -37 62 0
13 87 -98 0
114 -118 -145 0
-28 -57 -65 0
29 -50 -143 0
12 30 -133 0
-42 51 115 0
-57 -131 -132 0
-7 115 -128 0
-33 -68 -75 0
42 96 -135 0
-79 80 94 0
-24 -130 -150 0
74 113 -117 0
-32 -72 -101 0
-16 78 96 0
-1 -56 -74 0
27 -88 144 0
31 92 -96 0
4 6 117 0
12 -39 97 0
39 -62 105 0
-24 -108 120 0
-1 58 -61 0
-29 -73 -80 0
2 95 107 0
31 -61 128 0
85 87 115 0
-3 -20 102 0
19 133 148 0
-38 125 147 0
52 83 111 0
48 -117 125 0
65 96 -109 0
-30 52 -148 0
-14 36 -38 0
-19 42 81 0
-17 67 -78 0
16 39 62 0
-33 -90 139 0
38 -52 -141 0
-41 -52 -143 0
-39 -120 -130 0
12 -47 92 0
-11 -34 -64 0
16 -70 118 0
18 30 -121 0
-57 -72 90 0
2 -17 -53 0
23 61 71 0
42 -131 149 0
-26 -65 -81 0
-35 -98 147 0
-41 55 -83 0
90 -121 137 0
-56 67 81 0
-41 72 -107 0
-27 -73 150 0
-8 -70 97 0
97 110 116 0
60 -86 109 0
48 52 98 0
-13 -72 -75 0
10 32 59 0
-2 73 -139 0
35 51 128 0
-8 46 -128 0
17 38 -64 0
56 -68 -75 0
-23 -136 148 0
46 -104 142 0
-75 93 -149 0
-43 134 -139 0
-56 -63 -67 0
33 40 -80 0
-62 -119 -143 0
-6 -126 -138 0
-92 114 141 0
56 -119 -147 0
-17 27 58 0
3 46 143 0
19 92 94 0
-1 133 -147 0
-45 58 -145 0
20 -86 -140 0
-54 -79 91 0
2 -34 86 0
-5 64 74 0
-57 115 135 0
18 27 -76 0
52 80 -127 0
-24 -58 128 0
-82 135 -143 0
79 -98 -104 0
18 -64 119 0
35 93 103 0
84 87 -123 0
76 -80 148 0
18 -60 110 0
-2 -28 62 0
6 44 62 0
-36 71 -135 0
-9 72 -102 0
-53 -125 143 0
-59 77 -141 0
-21 -67 -148 0
-1 -8 21 0
10 144 -148 0
-25 70 -93 0
52 93 -103 0
-21 -22 -112 0
-34 -103 112 0
-83 -84 145 0
12 36 122 0
122 -134 -150 0
10 23 -85 0
13 27 -91 0
32 73 -120 0