p cnf 150 900
19 -115 142 0
-21 81 137 0
-7 -103 -143 0
10 15 -46 0
42 -92 -148 0
39 -101 141 0
32 42 77 0
-25 72 -132 0
77 89 -101 0
-51 -108 -137 0
-94 -112 148 0
-5 -49 131 0
4 5 145 0
-10 -66 -121 0
-6 76 102 0
7 -31 83 0
-22 76 -85 0
-66 102 135 0
14 -18 -60 0
1 18 125 0
28 -89 120 0
-16 -107 -121 0
-112 122 143 0
-44 -59 82 0
90 -141 144 0
2 64 122 0
32 47 72 0
17 73 -75 0
10 101 -117 0
23 112 123 0
-2 -7 -118 0
-53 73 -92 0
-18 -37 124 0
15 -23 98 0
-39 63 141 0
5 -107 135 0
-30 -111 -134 0
27 33 -96 0
29 -89 130 0
-8 9 -82 0
-30 48 137 0
-2 -27 109 0
15 -22 28 0
64 -120 140 0
-4 99 -139 0
7 113 133 0
-86 -108 -139 0
8 18 -33 0
76 -107 131 0
-1 67 -103 0
37 141 -149 0
7 -49 -119 0
-67 123 -148 0
1 34 -128 0
-60 90 -113 0
-11 -100 -131 0
77 83 97 0
-57 86 -150 0
6 74 140 0
-81 87 -148 0
26 -57 -90 0
-35 39 -131 0
30 -42 118 0
-45 94 102 0
-5 -77 -138 0
-24 -52 133 0
-16 84 -133 0
-4 46 134 0
8 -31 139 0
49 -94 -141 0
84 -93 109 0
-2 -13 -126 0
16 49 -83 0
51 -87 -91 0
-37 -92 137 0
21 24 55 0
18 107 -121 0
-57 -107 148 0
72 -115 -136 0
58 -85 105 0
-49 96 139 0
-71 -103 -150 0
-63 -144 -146 0
-69 87 -107 0
34 54 -133 0
-91 -106 -133 0
12 91 -137 0
96 -99 -124 0
54 97 -117 0
-17 -34 78 0
-25 31 42 0
-29 44 131 0
-26 127 -144 0
-45 55 137 0
12 129 -137 0
7 -20 51 0
-20 73 -130 0
3 60 -63 0
-14 16 -38 0
-61 62 88 0
17 140 -147 0
-26 -42 51 0
-48 -113 132 0
4 -39 -86 0
20 88 109 0
61 -88 127 0
-21 72 87 0
52 99 111 0
12 -15 147 0
-44 57 -149 0
28 -42 -110 0
-21 -134 138 0
-1 -77 -143 0
-3 -80 115 0
76 104 -136 0
6 58 -82 0
-51 60 81 0
64 65 -90 0
-17 50 -98 0
-24 -58 113 0
-5 -37 -147 0
9 99 121 0
80 98 -142 0
23 26 45 0
-4 -28 -113 0
-38 82 -104 0
4 89 -145 0
38 68 -147 0
-52 -62 89 0
-8 -76 112 0
-16 -40 129 0
-46 -81 118 0
-62 110 -149 0
-11 -73 77 0
46 80 126 0
-28 71 137 0
-52 -56 -89 0
-3 95 -121 0
58 -83 -111 0
95 113 123 0
65 119 150 0
98 132 -135 0
-9 45 -128 0
16 27 -115 0
-20 22 -146 0
-31 -81 88 0
-10 27 -34 0
-9 20 -25 0
37 116 -149 0
-98 -131 -134 0
1 -66 67 0
-32 98 123 0
33 -121 -126 0
66 -84 -137 0
-21 42 78 0
72 -88 101 0
9 -112 138 0
17 88 -140 0
-39 110 -140 0
42 77 96 0
72 126 127 0
-10 -28 53 0
-59 91 128 0
16 57 -87 0
6 129 -139 0
-55 69 94 0
-1 -29 -38 0
34 47 139 0
21 -119 141 0
6 12 -52 0
4 -76 83 0
2 61 -65 0
60 117 121 0
28 -40 -47 0
-43 -73 -129 0
-31 -48 104 0
-50 56 150 0
-22 49 -100 0
8 49 67 0
-2 -32 138 0
-79 -93 -119 0
-61 -77 -112 0
-41 -57 89 0
25 77 117 0
15 -74 113 0
36 65 -112 0
-51 73 -147 0
22 92 109 0
13 35 -114 0
-58 109 -128 0
-39 139 145 0
2 21 -35 0
39 144 149 0
-66 125 -142 0
20 45 -118 0
-18 62 -87 0
70 75 -84 0
-14 -96 149 0
-10 55 81 0
40 84 107 0
-13 -38 -44 0
-79 118 -119 0
-7 -18 -31 0
-36 58 140 0
19 -50 -100 0
19 -58 97 0
13 40 -67 0
-81 89 144 0
48 -120 -128 0
-10 -30 76 0
-40 64 -121 0
-66 107 -121 0
22 -49 110 0
16 -76 -92 0
-1 -48 122 0
-102 -127 -133 0
-102 -106 -111 0
26 -64 -134 0
13 -46 54 0
-13 20 -130 0
13 -98 101 0
-109 123 -139 0
41 -65 -121 0
31 83 -133 0
4 49 -120 0
32 -79 118 0
-33 41 88 0
-18 -61 -91 0
-18 50 -60 0
14 -110 143 0
-105 116 133 0
-57 141 146 0
-45 109 -133 0
77 -122 -149 0
-77 84 140 0
76 -102 -139 0
-61 -134 148 0
-40 55 -122 0
32 65 -73 0
43 56 102 0
4 34 57 0
-18 89 -117 0
-7 71 -101 0
-65 124 150 0
-8 20 55 0
12 78 -131 0
-80 -97 -114 0
-24 -120 -129 0
-56 68 138 0
-3 30 -95 0
-41 -57 -60 0
-42 92 144 0
-62 100 -141 0
-9 -59 -138 0
-98 114 -129 0
-36 -101 135 0
10 88 129 0
14 -116 135 0
52 61 -113 0
-41 61 80 0
-4 16 22 0
59 134 -139 0
58 124 132 0
-21 -42 -136 0
-85 129 -135 0
33 34 50 0
-25 117 124 0
-56 -59 60 0
-62 91 122 0
-21 122 -126 0
30 52 -131 0
14 18 -48 0
53 -86 95 0
84 -99 -115 0
-10 24 139 0
32 65 112 0
-81 83 -96 0
-21 -57 -71 0
-26 54 -86 0
-23 -35 50 0
2 38 -100 0
-9 62 -140 0
6 12 -16 0
-50 -114 145 0
-86 122 148 0
-18 -72 -87 0
38 39 137 0
-6 11 -29 0
-68 76 145 0
-116 -140 -148 0
-32 -104 -141 0
9 -16 -48 0
-3 30 -41 0
-19 -77 -123 0
-18 135 -138 0
-52 86 129 0
-69 -117 150 0
58 -74 119 0
26 106 -136 0
-4 24 71 0
25 28 96 0
7 -38 -94 0
-112 -122 148 0
-72 -102 -136 0
-6 -101 124 0
17 88 92 0
43 99 -119 0
-20 39 75 0
103 122 -147 0
-11 17 -73 0
-55 -90 -110 0
-6 -27 -112 0
6 -93 -112 0
-8 -91 130 0
83 84 -117 0
64 90 -93 0
-54 -65 87 0
70 -96 -126 0
18 46 60 0
14 -26 -45 0
-16 49 115 0
69 -126 140 0
-40 55 134 0
19 101 -132 0
-41 100 -133 0
-9 92 110 0
42 -81 -135 0
22 -38 50 0
25 98 -142 0
-111 -122 135 0
-26 -53 -75 0
63 -118 -149 0
60 99 105 0
-41 100 -132 0
-59 68 150 0
-18 -22 -133 0
-108 -123 135 0
3 -66 97 0
1 28 -138 0
-33 39 -119 0
-82 -137 -140 0
39 122 -134 0
12 84 -132 0
-72 -93 -123 0
49 95 101 0
2 -11 -95 0
54 81 101 0
-22 70 -113 0
37 -72 138 0
100 125 -140 0
-26 -63 -149 0
-16 40 96 0
22 -53 113 0
56 -77 134 0
-35 -58 142 0
28 -105 130 0
-21 -38 40 0
3 -56 -126 0
16 36 -140 0
-33 -116 142 0
72 -122 139 0
-52 -86 -133 0
44 129 132 0
54 -98 150 0
-28 44 149 0
66 -147 149 0
45 134 136 0
9 -94 -130 0
-11 19 53 0
-6 49 -69 0
109 -113 139 0
46 -114 -138 0
16 -78 -138 0
-86 -99 125 0
-1 -46 -83 0
-74 99 104 0
-70 -100 -101 0
-30 77 123 0
33 -34 72 0
26 63 116 0
-16 -22 -136 0
-34 92 -138 0
19 -43 -44 0
4 97 103 0
24 -74 -76 0
20 -127 137 0
-66 92 -144 0
4 59 78 0
78 124 142 0
15 -61 107 0
-40 -51 -79 0
-38 72 84 0
37 42 84 0
21 -43 -47 0
68 -87 -104 0
5 -43 80 0
2 94 128 0
40 -84 -117 0
-29 -65 -103 0
45 60 61 0
-46 55 -139 0
14 56 -129 0
-18 -95 110 0
-29 55 -96 0
-69 -72 -127 0
-3 69 -105 0
-62 -126 -143 0
45 54 -88 0
32 68 70 0
-17 -50 120 0
15 48 90 0
15 23 -116 0
-66 98 -112 0
-64 79 -121 0
-20 -64 -80 0
23 51 -143 0
-16 31 -122 0
-9 -57 -82 0
-101 119 -145 0
17 -28 -50 0
-102 -117 -145 0
-23 -84 141 0
15 19 50 0
-52 59 -122 0
32 -84 91 0
4 -68 -74 0
19 -27 43 0
58 87 130 0
12 -42 114 0
22 120 138 0
-20 93 108 0
-90 122 137 0
-11 16 85 0
14 -17 -75 0
15 111 -118 0
32 -39 56 0
-27 79 -144 0
-93 -122 138 0
58 -127 138 0
-103 124 133 0
-60 105 -110 0
-69 102 117 0
8 -116 122 0
22 -24 67 0
43 -90 -149 0
-28 50 -113 0
5 100 -140 0
-18 -75 -82 0
5 -18 -88 0
49 -139 145 0
-54 84 -131 0
15 -29 135 0
-11 -94 -131 0
42 -105 114 0
-51 128 141 0
13 -113 147 0
-8 13 136 0
21 -99 -149 0
-32 -143 -147 0
-15 -104 -108 0
8 28 -54 0
-7 -58 115 0
57 -102 -140 0
-15 113 -126 0
1 -48 79 0
88 118 131 0
-16 -81 87 0
-48 -75 -99 0
-67 86 110 0
-55 -84 141 0
-108 -121 -126 0
28 94 99 0
-29 -73 93 0
26 57 -65 0
45 82 86 0
11 20 45 0
25 65 -76 0
-3 -94 137 0
52 122 -134 0
-37 -122 -141 0
-35 36 -89 0
11 27 86 0
-10 15 59 0
-81 87 -146 0
-26 37 42 0
-36 83 -133 0
85 117 -142 0
-3 -6 148 0
32 -52 -105 0
105 115 142 0
30 67 138 0
-22 -27 48 0
-100 -115 -130 0
61 -80 -145 0
27 50 54 0
-91 123 134 0
-8 -14 -136 0
51 -66 -142 0
52 94 105 0
9 -52 -92 0
12 -17 97 0
50 137 -148 0
3 -15 129 0
32 -54 -92 0
1 -65 -76 0
-5 -32 -118 0
-4 58 149 0
-88 -94 100 0
-132 -138 -139 0
22 30 90 0
-27 49 -99 0
42 88 -91 0
-27 33 98 0
-38 54 -96 0
48 80 -129 0
-90 -94 138 0
-104 -129 -132 0
49 -96 -129 0
33 55 -127 0
-97 -131 135 0
-36 45 68 0
21 -37 150 0
43 122 127 0
-14 75 -102 0
-2 81 -114 0
24 61 -119 0
-62 135 146 0
-15 -86 -134 0
-88 -123 125 0
4 -80 99 0
-110 -114 136 0
-46 -101 -144 0
83 -104 -107 0
13 66 -84 0
73 119 -135 0
-60 116 140 0
-36 -53 64 0
-69 73 -96 0
27 -92 -99 0
101 -121 139 0
28 -75 110 0
73 -117 -143 0
47 -94 -126 0
-10 -120 -127 0
45 89 -129 0
-41 47 -141 0
79 122 125 0
-118 123 -144 0
74 -75 -143 0
-39 -74 -108 0
-43 -52 107 0
11 -36 125 0
-3 -130 139 0
-17 -59 62 0
21 -100 138 0
112 139 -149 0
72 102 -126 0
1 -46 115 0
85 142 -143 0
1 3 43 0
-5 18 -29 0
5 -82 90 0
-83 110 -132 0
6 7 -56 0
93 -104 -118 0
-29 -124 148 0
-22 105 -135 0
25 -37 -72 0
-12 142 -149 0
31 46 54 0
-66 -67 -124 0
18 -94 -142 0
2 -68 81 0
32 -96 120 0
-39 -58 -79 0
16 -76 130 0
-53 93 123 0
-34 69 73 0
22 -37 70 0
-56 -107 131 0
-52 -138 -139 0
12 67 -89 0
-37 84 129 0
-16 -29 -116 0
39 -48 134 0
-34 -87 -139 0
45 -60 -133 0
-59 -81 -99 0
65 86 97 0
-25 -68 -74 0
61 -78 -139 0
-36 96 -121 0
13 -44 -145 0
60 -72 144 0
82 123 134 0
-20 21 -116 0
-3 35 -37 0
-29 -129 -150 0
-15 49 99 0
-19 -38 -122 0
30 105 113 0
-17 125 133 0
-60 -123 127 0
5 85 90 0
23 -72 -143 0
75 -115 -134 0
67 130 145 0
-13 -56 130 0
76 86 108 0
54 120 142 0
-20 -26 132 0
4 82 -129 0
-69 72 141 0
-46 91 -136 0
-87 120 132 0
-76 80 108 0
9 -111 -115 0
43 -47 99 0
-31 -78 87 0
-14 117 -141 0
70 91 117 0
-3 -18 75 0
-46 68 101 0
-38 -121 -137 0
46 63 126 0
14 -127 128 0
-38 -121 137 0
25 76 123 0
-74 -101 -136 0
95 -100 -129 0
19 109 -113 0
-16 73 118 0
91 -94 -112 0
-51 -64 -97 0
-16 -103 128 0
-65 -89 -94 0
16 -64 69 0
-18 99 -140 0
-48 -67 123 0
-28 -62 -106 0
-15 -48 -118 0
17 27 -122 0
-5 40 73 0
64 -104 126 0
8 106 -131 0
-2 -54 141 0
59 -61 -100 0
-37 86 136 0
-37 54 85 0
-55 -91 141 0
4 -6 38 0
59 -118 -150 0
-130 -142 -148 0
-23 -111 127 0
44 98 122 0
-40 -113 -147 0
-5 28 -77 0
-21 -114 -132 0
-1 -56 -139 0
-19 53 -76 0
-31 51 -77 0
7 -62 149 0
-4 -11 -130 0
2 19 78 0
10 36 -53 0
34 -53 -91 0
77 -100 -114 0
-2 -113 -127 0
-11 -86 -132 0
-53 -90 94 0
-17 102 130 0
-1 -73 -137 0
1 -53 -82 0
47 -78 140 0
-39 143 149 0
-26 -34 83 0
26 45 47 0
85 -98 -136 0
2 59 -109 0
39 -70 -114 0
59 -127 -144 0
22 78 -122 0
8 -69 74 0
-3 11 90 0
-4 -77 128 0
-24 119 141 0
63 76 112 0
35 -108 117 0
-29 -63 -129 0
-62 -108 143 0
72 -76 130 0
4 -118 -128 0
-43 69 -146 0
15 -69 104 0
42 98 -115 0
-1 96 131 0
-1 -81 -137 0
12 70 136 0
-33 95 115 0
-16 139 -145 0
22 68 142 0
76 -103 -135 0
-59 -132 141 0
24 -117 -149 0
-18 111 -124 0
13 61 137 0
29 70 141 0
29 82 -108 0
-7 24 51 0
-25 -46 119 0
6 -102 121 0
-128 -131 133 0
-1 9 -87 0
-30 -53 88 0
55 83 -110 0
20 -87 -89 0
-44 65 68 0
-10 61 146 0
-42 -70 101 0
-1 36 94 0
34 86 -106 0
33 -115 -123 0
14 55 -150 0
-61 -119 -123 0
-87 112 137 0
-58 93 -147 0
-1 15 -45 0
74 92 109 0
-9 59 89 0
64 -115 122 0
-5 13 -117 0
-19 -39 -143 0
-10 22 135 0
6 107 112 0
84 85 -127 0
13 -44 52 0
-21 49 -144 0
-3 -26 108 0
13 43 58 0
-39 75 -135 0
86 -87 148 0
39 -60 -133 0
28 93 140 0
-21 -71 91 0
-22 -69 -120 0
46 49 102 0
-4 99 -112 0
-11 -97 -125 0
-5 82 132 0
-13 50 119 0
-47 119 -120 0
82 106 124 0
14 27 49 0
2 -52 117 0
-6 -50 -64 0
25 -26 77 0
27 75 -106 0
-18 69 -119 0
-27 31 -103 0
53 54 59 0
-50 -101 120 0
26 112 138 0
41 -87 -105 0
-48 -81 -127 0
43 -86 -138 0
53 62 -105 0
1 49 -119 0
-12 16 -65 0
-39 96 -101 0
-68 94 -116 0
5 -6 -138 0
41 -75 110 0
19 -111 -134 0
43 -90 -95 0
47 119 145 0
20 43 47 0
-19 52 -58 0
74 -87 -147 0
27 89 126 0
-37 -78 133 0
-80 105 -134 0
27 57 -59 0
-7 -72 88 0
-53 -69 94 0
44 66 99 0
-2 -73 -143 0
8 -104 -114 0
-13 90 127 0
69 123 -125 0
-27 -35 -85 0
-22 94 -120 0
-39 -79 -135 0
-19 -59 -82 0
57 70 71 0
37 -61 92 0
-24 -75 132 0
94 -98 107 0
67 -105 -128 0
-54 -124 142 0
-36 -43 71 0
4 5 124 0
12 -30 -40 0
75 -104 142 0
-8 -55 87 0
-15 -48 131 0
-22 84 150 0
30 43 53 0
18 -25 -137 0
54 74 144 0
-23 67 -108 0
-67 -90 -125 0
29 -79 143 0
-70 -82 121 0
-3 23 121 0
-46 79 -123 0
69 93 -149 0
20 -140 -141 0
-41 72 -105 0
7 120 125 0
-41 -125 126 0
17 75 124 0
4 -7 -117 0
-7 -34 -126 0
-41 117 122 0
21 -94 104 0
-67 95 104 0
-40 56 -57 0
79 -112 123 0
40 -50 -70 0
-65 -129 144 0
22 31 -109 0
-3 111 -146 0
93 -103 -137 0
1 -43 149 0
-13 35 -133 0
13 71 -128 0
29 -34 -55 0
-80 89 -146 0
16 -48 -129 0
112 -147 149 0
-52 -142 147 0
7 92 -146 0
-23 -104 130 0
-47 124 126 0
40 70 97 0
-4 126 139 0
4 8 90 0
-78 -122 -125 0
9 114 144 0
-47 -75 82 0
69 -94 141 0
-36 -49 -68 0
-33 135 138 0
3 -26 32 0
-81 91 -133 0
114 119 -131 0
33 74 133 0
51 -82 94 0
98 105 106 0
-32 -115 -136 0
-66 -103 -136 0
4 41 -50 0
-11 90 -93 0
-73 75 -136 0
-62 74 103 0
-3 -55 150 0
-73 108 -129 0
3 -58 -115 0
-13 -37 -122 0
6 -65 -102 0
15 -40 146 0
-37 110 -114 0
122 -124 137 0
-107 108 131 0
-6 -30 92 0
-72 114 126 0
-32 -55 -134 0
26 85 -127 0
58 -74 -97 0
-128 -138 150 0
-38 -40 -129 0
-22 -30 136 0
64 -71 89 0
-34 42 -44 0
-35 -81 96 0
1 -18 -47 0
29 32 -117 0
-25 46 61 0
-58 -84 87 0
14 43 90 0
-56 -135 148 0
-48 55 98 0
31 35 97 0
8 47 -78 0
8 -96 106 0
-53 75 -131 0
72 91 -126 0
-42 86 96 0
18 21 -141 0
36 68 -97 0