p cnf 150 660
15 -90 137 0
3 -25 43 0
16 79 129 0
-8 108 148 0
-36 52 100 0
-26 -60 78 0
9 -12 33 0
-74 111 132 0
-59 95 106 0
24 -94 133 0
-40 -49 -93 0
77 -81 103 0
57 -71 -93 0
-16 -101 -110 0
-104 -119 120 0
-36 -73 87 0
22 -84 -111 0
-25 28 -113 0
53 -110 -118 0
-51 -57 -144 0
69 -71 -133 0
-3 -29 142 0
-51 -55 -87 0
-20 92 -105 0
-41 47 108 0
-15 -76 141 0
-44 -45 99 0
-52 80 -128 0
13 -61 -112 0
-1 -56 -99 0
-3 73 83 0
9 13 -60 0
-63 65 143 0
-63 -72 -127 0
13 91 -122 0
-105 -110 147 0
-10 -27 -103 0
-27 70 124 0
43 -46 66 0
-9 -34 -62 0
93 -142 149 0
-39 113 142 0
-74 -79 -145 0
-25 -103 136 0
54 80 128 0
59 -95 124 0
-7 61 -93 0
2 -83 135 0
1 103 134 0
82 119 -127 0
28 49 90 0
-13 -38 -123 0
1 33 88 0
-42 94 -131 0
14 -62 -137 0
-6 100 -112 0
-69 99 125 0
26 -117 126 0
-5 -40 -113 0
-40 82 118 0
57 -93 -143 0
64 -88 94 0
-35 -91 -142 0
1 -92 -103 0
-8 -65 81 0
-3 -114 143 0
26 94 104 0
-48 -98 -150 0
-41 -130 -143 0
-25 -122 124 0
33 -45 -57 0
17 27 145 0
-3 -18 146 0
25 -45 -68 0
-1 -47 -138 0
27 -43 -122 0
18 -75 -110 0
-28 -44 -72 0
10 30 -112 0
18 46 -79 0
-12 107 -109 0
-1 34 -116 0
52 -94 -131 0
26 44 51 0
-33 -49 73 0
6 -72 -143 0
-1 65 -120 0
-32 -87 -109 0
33 88 147 0
-47 -68 -98 0
48 -64 73 0
-44 68 138 0
107 142 -149 0
39 54 139 0
-52 58 -134 0
41 -49 146 0
4 -14 63 0
27 53 75 0
-7 11 -106 0
-73 -136 -137 0
62 110 133 0
-46 -53 76 0
-81 -121 -128 0
-3 -54 88 0
-56 -67 -131 0
90 -116 -139 0
13 99 -101 0
2 27 -61 0
-35 56 113 0
-51 60 98 0
7 79 119 0
-21 34 -80 0
-27 28 -123 0
-45 -60 91 0
-21 -88 145 0
-25 63 -123 0
-80 -91 -102 0
-80 -97 -116 0
76 113 -139 0
85 100 -118 0
-39 -49 125 0
90 -92 -142 0
100 -124 132 0
26 119 150 0
-35 53 -87 0
-34 80 120 0
-9 127 137 0
-53 -66 69 0
41 -115 118 0
-83 -107 134 0
12 75 -97 0
-53 63 -150 0
-15 -39 51 0
22 -122 -134 0
-17 45 95 0
1 -31 -146 0
-24 -101 -146 0
-6 -62 134 0
16 -50 103 0
-79 -107 120 0
65 -107 140 0
9 -65 112 0
30 65 -90 0
104 -118 146 0
-37 -119 -126 0
-17 21 65 0
30 -47 -118 0
10 66 69 0
45 87 -115 0
44 -108 143 0
33 -53 108 0
31 67 69 0
45 48 103 0
67 -93 103 0
-60 109 -119 0
26 -28 115 0
42 -44 -63 0
24 -68 -132 0
61 86 142 0
-24 -74 105 0
-29 -135 148 0
-15 -25 -148 0
-48 58 -60 0
-15 37 145 0
36 -72 100 0
11 56 124 0
4 42 102 0
-38 -76 88 0
21 33 80 0
-27 -117 -146 0
-2 40 -69 0
109 -126 145 0
84 -93 -108 0
-8 -92 -128 0
-44 -89 112 0
-57 68 -104 0
36 -74 -134 0
-74 82 120 0
-26 63 108 0
-61 68 85 0
34 -80 137 0
-16 40 -81 0
-53 64 -129 0
51 -99 111 0
73 101 -106 0
36 -114 129 0
-2 -6 25 0
5 56 83 0
64 -84 143 0
18 24 104 0
-54 67 76 0
-44 74 -76 0
-12 41 -90 0
2 -6 -61 0
-78 -81 108 0
24 42 143 0
51 -54 120 0
-106 116 133 0
16 -123 -128 0
35 54 103 0
-7 38 40 0
-37 -104 150 0
-85 88 -109 0
-41 -129 147 0
-54 74 125 0
-20 123 150 0
-52 -65 -80 0
28 36 -66 0
-17 -24 -147 0
35 -47 139 0
24 80 -87 0
2 86 97 0
52 -83 133 0
18 -24 -120 0
6 31 90 0
101 -109 -111 0
-85 -96 144 0
51 -108 127 0
97 121 128 0
15 66 144 0
86 136 -150 0
77 103 -105 0
78 91 -123 0
-28 -55 -130 0
15 122 123 0
14 80 -83 0
32 -101 106 0
23 -25 112 0
-13 22 101 0
58 -89 99 0
6 -99 102 0
-34 53 -150 0
-80 124 135 0
-28 -67 -149 0
31 -62 117 0
51 132 137 0
-35 54 113 0
71 -84 -117 0
-106 128 143 0
-30 -62 -147 0
39 105 -124 0
-64 -111 -132 0
15 72 142 0
-9 92 146 0
-2 24 -75 0
2 60 75 0
-11 -24 -98 0
-54 -65 106 0
-51 -67 -84 0
38 101 -141 0
-27 -68 95 0
-3 -58 145 0
-6 24 -74 0
5 76 -122 0
1 70 -137 0
37 47 -109 0
84 -86 135 0
16 -67 101 0
-12 -107 -141 0
1 52 -75 0
97 -105 111 0
-30 -101 123 0
-2 12 112 0
-64 77 139 0
20 -27 146 0
7 32 38 0
49 55 -131 0
4 75 142 0
33 109 -126 0
-28 135 -144 0
8 35 123 0
-38 77 -102 0
15 27 -75 0
4 -120 130 0
-43 -81 -83 0
18 -91 -141 0
-20 -63 -71 0
23 47 -90 0
-5 -18 100 0
12 -124 136 0
-48 -51 149 0
5 102 -145 0
-27 112 -128 0
29 55 -130 0
63 68 -121 0
13 23 -82 0
-11 39 61 0
9 -51 87 0
42 111 -129 0
21 -80 83 0
52 -85 -146 0
-24 -34 -88 0
-80 113 -118 0
26 -109 150 0
-2 -40 -108 0
-94 106 -121 0
-50 -92 113 0
-43 48 122 0
-24 106 150 0
-28 -110 -118 0
52 108 146 0
-32 108 120 0
-29 -60 66 0
18 62 107 0
-100 -111 114 0
-77 82 -99 0
18 24 150 0
-66 73 -135 0
26 -51 120 0
-33 -34 -137 0
-34 -95 99 0
-5 53 -116 0
-29 -94 -97 0
-5 69 71 0
30 130 -137 0
67 122 -147 0
71 126 137 0
-14 -20 -116 0
-11 -16 28 0
-25 86 -96 0
-4 -103 -119 0
-42 -47 108 0
-68 90 119 0
-46 67 129 0
74 -89 -106 0
43 -94 -133 0
-50 -107 140 0
-23 98 103 0
-72 89 103 0
-4 81 -105 0
6 35 -146 0
24 -36 91 0
118 -143 146 0
19 -70 -102 0
54 -99 -146 0
55 -87 146 0
-1 -13 116 0
-43 110 136 0
23 47 -147 0
-85 110 -138 0
-12 74 75 0
-27 -51 -106 0
-51 -73 -147 0
53 140 144 0
7 -13 61 0
-47 -91 92 0
-89 -105 113 0
79 -92 -106 0
8 23 54 0
73 123 -127 0
60 128 -130 0
-67 -102 -121 0
-90 -114 138 0
-59 87 -129 0
38 -91 141 0
37 89 -91 0
-65 -105 108 0
25 -45 96 0
53 59 125 0
-72 135 138 0
-54 -72 143 0
122 -123 128 0
-13 51 -139 0
-40 83 102 0
-31 -109 -149 0
-16 -94 127 0
64 96 148 0
42 62 142 0
1 87 -107 0
-5 43 123 0
-24 -92 -108 0
-3 -8 37 0
10 -24 -88 0
-36 49 96 0
9 -93 101 0
13 66 134 0
69 -115 -138 0
-52 99 -139 0
38 -125 129 0
112 -126 132 0
25 -51 53 0
-56 -109 144 0
-36 40 -77 0
4 13 -42 0
82 -83 141 0
-41 87 122 0
32 112 -126 0
-27 -42 51 0
-27 -33 -37 0
-40 -69 -71 0
55 92 -116 0
-56 -114 -148 0
6 68 90 0
68 128 133 0
17 56 -83 0
-5 -75 112 0
-21 -55 -111 0
46 66 -83 0
18 -26 66 0
-11 17 -106 0
17 71 137 0
-5 28 -109 0
37 -91 -149 0
-2 86 103 0
42 67 125 0
29 35 -132 0
-11 -65 123 0
1 10 -134 0
-1 45 -93 0
-3 66 146 0
51 57 95 0
65 90 113 0
-26 -38 105 0
-16 -136 144 0
-10 13 125 0
-24 -62 112 0
3 -21 137 0
-6 71 118 0
6 -27 -83 0
-1 -58 119 0
-10 -44 129 0
23 92 -93 0
6 -9 91 0
-22 32 116 0
-41 -122 -137 0
-40 -47 130 0
34 -84 148 0
54 99 110 0
-22 28 96 0
-7 -20 -54 0
-53 -62 -78 0
61 80 94 0
-70 -135 146 0
-54 -99 150 0
22 41 105 0
-5 -51 63 0
1 79 88 0
-30 52 58 0
37 54 -103 0
105 -115 -134 0
-61 66 -142 0
-69 87 -97 0
-19 -66 -75 0
25 -89 -110 0
20 32 -90 0
1 31 109 0
21 113 133 0
1 83 93 0
-44 66 122 0
39 -67 128 0
47 128 -129 0
41 62 144 0
85 -111 115 0
-79 -80 108 0
66 -87 147 0
-60 -132 138 0
53 59 -133 0
-64 -72 -148 0
8 -62 84 0
24 46 124 0
44 -109 125 0
51 -77 86 0
-45 -46 -145 0
-64 -103 129 0
-29 -116 -148 0
71 118 -130 0
-30 -113 149 0
60 87 130 0
-21 -38 91 0
22 -38 138 0
-18 -67 103 0
-19 -24 131 0
-8 -78 107 0
21 29 -37 0
11 38 43 0
-18 -22 -147 0
46 -86 -98 0
-26 -41 -115 0
30 57 -112 0
101 -121 -150 0
-1 -4 -53 0
-1 103 120 0
10 -118 138 0
-32 76 -117 0
-18 61 -77 0
-63 104 -143 0
-71 -119 -130 0
1 -71 -136 0
49 -83 -132 0
47 75 -88 0
35 48 136 0
-7 61 -95 0
-20 24 99 0
-59 89 -98 0
4 55 -111 0
-20 -90 146 0
-27 -48 70 0
-25 -65 84 0
23 29 -70 0
-3 24 37 0
11 -57 92 0
64 -81 -113 0
19 55 -99 0
-11 -57 -61 0
-36 98 149 0
-102 107 133 0
3 75 -77 0
4 46 147 0
24 -30 82 0
-88 126 127 0
-11 -14 109 0
-14 28 -91 0
-14 -61 132 0
2 -5 -56 0
34 -78 -135 0
-8 -38 -116 0
-24 125 139 0
-42 113 147 0
-53 62 137 0
32 -73 127 0
50 76 83 0
-50 65 74 0
27 -79 132 0
18 31 -71 0
25 109 -116 0
72 -140 -148 0
40 -95 -109 0
-34 -39 -149 0
22 46 102 0
-64 93 -132 0
5 -29 48 0
21 -74 91 0
-13 -34 141 0
71 -83 -114 0
29 -75 107 0
98 -109 -129 0
37 48 -76 0
-26 34 -142 0
-13 81 -132 0
-37 -109 -139 0
-26 46 124 0
99 -103 -105 0
44 -119 136 0
62 -110 133 0
12 27 -113 0
-36 -125 -134 0
46 83 -88 0
64 -67 118 0
-108 123 -145 0
34 -61 -72 0
-33 -37 110 0
-41 55 108 0
9 -111 126 0
16 -70 129 0
-50 -84 -125 0
-8 12 -66 0
-57 -133 -147 0
-42 -92 130 0
44 71 -102 0
-20 75 -112 0
-29 -124 -141 0
9 11 95 0
-33 50 79 0
-48 -52 -117 0
-35 -82 -128 0
44 46 108 0
-26 55 82 0
20 40 148 0
24 76 143 0
43 -72 107 0
76 -111 -120 0
-38 49 77 0
-10 50 -130 0
-73 136 -150 0
-27 -43 54 0
30 -38 69 0
28 64 -92 0
-53 -77 100 0
-36 -41 107 0
-89 -96 130 0
21 34 -75 0
-8 54 -56 0
-31 -55 131 0
-1 -66 -129 0
-29 36 74 0
-101 -113 -134 0
-28 -56 138 0
-6 -17 45 0
-54 55 149 0
32 82 -130 0
42 70 -82 0
-5 37 79 0
2 -10 -37 0
-79 -87 -117 0
6 33 83 0
-54 96 113 0
3 20 -95 0
-49 -65 111 0
14 69 122 0
-34 -47 133 0
15 -106 -107 0
-13 -114 -125 0
6 58 -113 0
-7 -27 -138 0
-123 133 138 0
-46 -76 -147 0
-6 -78 -106 0
8 33 143 0
36 -47 -112 0
-70 95 -119 0
55 -71 -92 0
-29 36 -40 0
-4 123 149 0
15 -23 -149 0
-60 -70 117 0
8 36 92 0
-31 69 -128 0
-115 -122 -136 0
-35 69 -121 0
70 -120 -141 0
-21 86 99 0
-33 -96 -115 0
-23 -73 107 0
8 -50 99 0
53 -114 -146 0
-59 80 145 0
56 87 106 0
36 91 -105 0
-38 108 138 0
54 -100 -121 0
15 -26 -40 0
109 -145 147 0
-58 114 127 0
77 -95 -139 0
50 -59 -117 0
-2 -76 -113 0
34 -128 -130 0
-87 140 -142 0
12 29 -82 0
56 85 -125 0
7 -15 75 0
54 105 106 0
10 -11 -88 0
-59 -84 86 0
49 103 -126 0
-98 -111 -148 0
-32 105 126 0
-1 -132 136 0
-18 59 79 0
55 72 -117 0
36 -48 -55 0
-52 109 112 0
-55 63 -134 0
62 105 -129 0
54 -55 -150 0
10 -80 106 0
42 84 -114 0
-75 123 -131 0
-12 39 -80 0
-16 76 127 0