p cnf 150 720
-34 -51 137 0
-14 -91 147 0
37 -146 149 0
8 28 66 0
-16 -31 47 0
-22 -38 45 0
-90 129 149 0
64 -76 117 0
9 61 113 0
13 18 -142 0
-5 -60 -85 0
-21 101 102 0
40 -127 -148 0
22 -24 -44 0
-32 53 -64 0
-3 -28 -113 0
18 65 129 0
39 56 -111 0
47 -66 103 0
7 -45 -52 0
-43 57 121 0
-18 20 145 0
52 80 86 0
63 71 115 0
52 95 116 0
30 -52 -139 0
16 81 -130 0
-55 -81 -102 0
-6 43 60 0
-66 90 109 0
-21 79 88 0
52 92 -105 0
-81 -107 111 0
-21 -38 -54 0
-1 -77 -140 0
-25 -27 74 0
-96 -139 -150 0
-105 -117 147 0
42 60 103 0
21 27 138 0
-36 -126 -129 0
36 -44 131 0
-125 136 147 0
-13 48 81 0
-73 -110 -146 0
-27 53 84 0
-14 20 -111 0
19 36 -129 0
11 -72 105 0
-38 -84 128 0
-78 123 -129 0
68 -109 -125 0
-15 37 -125 0
-11 17 58 0
-40 -134 -149 0
-77 111 129 0
-95 -117 138 0
-13 -64 -108 0
64 73 124 0
3 72 137 0
39 -71 -144 0
31 -69 -70 0
-33 77 110 0
-41 80 85 0
-63 -90 133 0
1 38 135 0
37 117 -119 0
3 -59 117 0
31 -82 112 0
43 -125 -130 0
2 -105 -121 0
26 -69 -109 0
130 -135 145 0
46 59 100 0
2 9 107 0
35 50 67 0
8 56 79 0
22 65 -127 0
-4 -57 -107 0
-41 68 136 0
12 -59 145 0
20 91 -127 0
-90 -99 -142 0
69 71 82 0
-26 -65 108 0
62 80 -142 0
-47 -134 -147 0
29 109 145 0
-13 15 -64 0
44 -76 -102 0
39 49 95 0
26 -58 -88 0
-11 -45 -112 0
-7 12 69 0
-23 -66 -81 0
-18 -69 -107 0
63 -73 -75 0
-32 45 95 0
-86 109 -138 0
93 -108 129 0
-17 63 -92 0
10 109 119 0
-94 -108 109 0
-80 -90 142 0
-38 66 124 0
-60 -124 -135 0
46 93 125 0
43 46 96 0
87 -127 -140 0
35 67 102 0
-44 -78 116 0
43 -47 145 0
-32 68 -98 0
-41 64 93 0
77 -109 -137 0
33 -43 82 0
29 -125 -126 0
6 -18 72 0
-4 96 -148 0
-27 -36 135 0
-6 54 -84 0
76 79 -90 0
91 -93 144 0
24 -48 95 0
39 -58 -121 0
-35 86 -114 0
91 95 96 0
-68 69 112 0
24 60 76 0
-81 -94 108 0
19 90 -91 0
55 -83 108 0
15 -65 115 0
-33 75 138 0
73 -100 109 0
-34 -82 -120 0
112 132 150 0
-2 -82 -103 0
-54 -76 102 0
4 7 48 0
-112 130 141 0
-94 -127 -149 0
51 -109 -132 0
37 -70 -149 0
17 60 -106 0
-16 106 148 0
-6 13 -33 0
-20 -43 132 0
14 49 123 0
39 60 -137 0
-89 135 136 0
-9 54 -85 0
-6 107 -140 0
55 129 150 0
-39 103 128 0
-87 -122 148 0
7 -38 83 0
-49 62 73 0
17 -46 -109 0
42 -44 -68 0
14 -86 118 0
-46 -88 -94 0
-6 -9 -58 0
-76 133 -135 0
-4 23 84 0
53 -74 -140 0
6 128 147 0
16 -85 111 0
84 147 148 0
79 140 -146 0
14 63 -140 0
60 68 101 0
90 105 133 0
5 38 102 0
-57 -71 -121 0
60 -73 95 0
33 -64 93 0
-9 -59 76 0
49 -59 60 0
-73 -97 121 0
-43 -142 149 0
35 -73 -87 0
-102 109 -146 0
-36 129 -144 0
47 122 145 0
37 108 -149 0
-94 113 145 0
-30 88 -129 0
106 -112 -123 0
-39 47 95 0
-83 115 150 0
-26 -126 -150 0
31 61 -121 0
-14 87 -128 0
57 -105 139 0
2 -99 114 0
-84 110 147 0
-23 -91 -114 0
-56 84 -133 0
-44 -64 66 0
40 -99 134 0
-43 63 -109 0
73 -89 111 0
64 86 112 0
28 36 149 0
11 -20 -51 0
5 42 117 0
16 92 -128 0
-51 92 -129 0
21 -69 148 0
2 18 -69 0
17 86 -142 0
106 108 -114 0
-24 66 98 0
-12 -13 -27 0
-13 -86 144 0
65 -91 109 0
-2 11 -99 0
-26 47 76 0
-59 -131 140 0
8 87 -133 0
1 -19 -94 0
-23 -28 -111 0
8 34 -69 0
-21 -39 146 0
32 -57 128 0
-11 -14 -118 0
15 23 -69 0
57 58 -107 0
-15 -42 145 0
103 -130 146 0
-44 -119 -134 0
-47 136 150 0
-33 -104 119 0
-15 -68 114 0
8 -98 112 0
-60 74 100 0
23 77 -131 0
-1 -101 -119 0
-38 127 139 0
17 -36 46 0
69 86 92 0
-30 44 -93 0
18 43 -98 0
5 -108 113 0
50 73 126 0
-10 -77 -80 0
-29 -130 141 0
38 101 132 0
41 75 117 0
31 114 133 0
-30 69 -145 0
-2 -25 -54 0
57 81 -82 0
-64 -103 -105 0
17 34 -78 0
-10 -39 -124 0
27 -44 -135 0
-42 54 86 0
-19 -31 -40 0
-29 63 108 0
-55 -62 -109 0
12 -31 71 0
9 20 -42 0
5 -18 33 0
81 90 92 0
-93 119 -135 0
8 -18 101 0
-88 -91 -133 0
-59 -93 145 0
54 131 -143 0
-31 -58 -119 0
-46 -66 99 0
-29 -55 86 0
69 -107 -130 0
40 -45 -63 0
19 -80 130 0
44 -100 110 0
51 -55 -75 0
-63 -81 146 0
3 27 107 0
52 84 120 0
-28 51 62 0
33 95 -105 0
-26 119 141 0
-102 117 127 0
13 126 142 0
-19 -53 63 0
7 -30 123 0
-59 113 -133 0
100 -103 119 0
-3 -36 95 0
-69 -73 -88 0
18 73 107 0
30 39 -134 0
-18 -74 -94 0
49 83 -129 0
-11 -73 -75 0
-59 -115 140 0
40 43 -84 0
22 88 110 0
-41 -73 -101 0
7 49 -63 0
1 -33 116 0
72 -82 -105 0
22 33 105 0
4 -63 126 0
-36 -107 -134 0
77 -94 -137 0
-63 79 150 0
-60 62 -72 0
-11 -23 142 0
-89 93 -138 0
13 -54 66 0
14 -116 118 0
-92 114 -120 0
-121 -135 145 0
2 -97 -115 0
-29 -58 142 0
-115 137 -143 0
1 -33 145 0
-42 -54 74 0
33 49 -108 0
-41 96 -131 0
-45 119 132 0
-60 70 -124 0
-27 89 -122 0
68 85 -118 0
-24 110 117 0
36 -100 120 0
69 -104 148 0
50 66 74 0
25 103 130 0
-76 92 -95 0
-19 20 121 0
-50 -60 -122 0
-6 31 127 0
-8 -33 -97 0
-40 -42 -95 0
-93 135 144 0
-79 86 -138 0
-9 72 94 0
-106 -122 -132 0
-25 115 137 0
-40 -86 -110 0
-34 84 -139 0
76 86 -99 0
95 119 -124 0
68 -93 -148 0
-14 -111 143 0
-8 -37 -132 0
7 89 -140 0
-10 19 50 0
23 -52 -84 0
37 -42 -70 0
48 52 -132 0
19 -66 115 0
-78 -90 145 0
-54 -64 140 0
-70 123 -130 0
-27 33 48 0
13 -108 -146 0
36 -50 70 0
33 -92 -140 0
-28 55 123 0
-49 -108 131 0
-96 -110 -143 0
31 -51 107 0
-8 49 100 0
-95 -112 126 0
-12 -40 71 0
23 85 -95 0
8 85 -86 0
5 -112 -113 0
-13 102 -141 0
38 -51 -116 0
-14 21 136 0
36 92 -139 0
57 71 -138 0
6 9 -148 0
-95 -126 141 0
3 -26 131 0
47 -122 -134 0
16 100 113 0
11 116 147 0
20 35 -52 0
-5 45 -106 0
130 132 -150 0
-40 -85 -93 0
-50 -123 -124 0
2 -25 -92 0
17 121 133 0
-20 -35 -133 0
-15 62 -131 0
-2 -11 -148 0
22 105 114 0
-5 28 -38 0
15 119 -132 0
60 64 148 0
43 -108 124 0
52 87 -150 0
38 -96 118 0
3 -82 -138 0
-32 -39 -73 0
-2 -87 -90 0
50 -83 113 0
-43 66 72 0
-25 68 131 0
16 26 -73 0
-65 -105 -122 0
34 61 -140 0
54 -85 -145 0
-23 -112 127 0
-21 120 -140 0
7 -43 58 0
6 -82 138 0
22 -39 138 0
9 -59 142 0
49 55 -117 0
-75 121 -150 0
-7 -35 -125 0
-10 -47 -89 0
-22 -69 -80 0
73 102 -126 0
-47 -125 147 0
8 -106 112 0
-71 97 129 0
18 -61 130 0
17 85 -136 0
-18 -31 -132 0
-46 -58 -130 0
59 -94 -149 0
70 121 -134 0
46 -119 137 0
-9 -26 51 0
-5 -69 119 0
118 -121 143 0
10 53 -127 0
-40 60 96 0
17 119 -138 0
31 -120 -137 0
-51 54 138 0
-28 -29 110 0
17 -71 -88 0
-51 100 108 0
-32 44 119 0
-5 65 -120 0
-14 -56 -122 0
7 -32 144 0
26 -71 142 0
-46 -117 141 0
-49 67 82 0
19 -50 125 0
2 47 146 0
-65 109 121 0
-34 66 -85 0
-92 -104 138 0
-91 92 -115 0
-61 102 -139 0
-18 88 -132 0
-96 -116 -132 0
-6 53 -112 0
15 -50 130 0
7 -124 -126 0
44 -133 -143 0
-19 -89 -130 0
-4 85 132 0
-87 -142 148 0
-61 73 -121 0
6 -58 -100 0
-1 77 -127 0
-81 -95 -96 0
14 28 -35 0
-13 -21 135 0
37 -65 -69 0
7 56 66 0
-116 -145 148 0
123 136 -148 0
17 61 122 0
107 120 149 0
-61 -94 112 0
-52 64 -69 0
23 -39 -114 0
-17 127 -146 0
-2 61 84 0
17 62 84 0
22 94 117 0
-101 104 131 0
15 -91 -113 0
85 -135 149 0
-21 131 142 0
6 30 57 0
-22 -104 121 0
78 94 104 0
-61 -79 -139 0
-40 -109 138 0
-2 -36 -141 0
-6 -81 121 0
19 -40 150 0
27 -104 138 0
27 -42 58 0
9 -35 99 0
3 -20 95 0
-65 -92 -98 0
-104 126 127 0
27 89 -130 0
-3 -38 -46 0
21 79 -126 0
71 128 134 0
-63 80 101 0
76 -80 -105 0
32 -104 131 0
-24 63 80 0
14 69 -136 0
50 89 -99 0
-44 -78 -127 0
-61 -98 128 0
7 -32 -101 0
-94 -109 -112 0
-80 -99 117 0
48 73 -108 0
-36 73 131 0
66 -71 119 0
-8 100 145 0
-45 55 60 0
8 93 -123 0
-15 -22 56 0
40 -51 103 0
4 57 116 0
1 -50 -109 0
25 36 83 0
51 57 -77 0
-18 131 -139 0
30 -36 139 0
58 -95 106 0
-64 -116 131 0
41 -79 85 0
47 -87 -105 0
-106 113 132 0
-61 92 -107 0
3 70 -145 0
-57 132 -145 0
-43 88 94 0
14 -70 126 0
-32 -133 -138 0
12 -70 -102 0
-3 -52 87 0
1 -51 71 0
-25 76 93 0
32 63 118 0
-12 113 124 0
2 -24 -49 0
32 -97 -144 0
-11 -20 135 0
-15 45 -150 0
76 102 136 0
-87 107 130 0
18 80 -136 0
32 80 -141 0
58 112 127 0
8 -23 -43 0
52 67 -129 0
46 90 -141 0
-52 63 147 0
-59 60 -100 0
-65 -73 150 0
6 45 57 0
-3 -69 -122 0
-13 -20 -124 0
-12 24 -138 0
-9 44 90 0
1 20 102 0
-4 -55 -103 0
-25 67 -139 0
-19 -122 -149 0
7 76 -110 0
13 46 -94 0
-10 -30 33 0
-24 47 68 0
10 -79 149 0
-29 -62 67 0
-54 132 -145 0
43 79 83 0
5 132 138 0
12 -145 148 0
-13 97 142 0
2 3 101 0
23 75 -113 0
-58 114 -116 0
57 -108 122 0
-5 -7 16 0
104 -106 -135 0
-23 78 -97 0
15 18 -103 0
-51 83 112 0
-50 -127 130 0
45 -90 -108 0
-97 -98 125 0
-3 47 70 0
71 76 98 0
22 33 95 0
-19 97 -136 0
-75 78 90 0
-53 -97 137 0
-1 49 122 0
-58 -106 -125 0
-4 114 -122 0
-36 103 107 0
-20 68 -102 0
-14 99 110 0
-41 -78 107 0
-47 -65 -133 0
-7 -22 44 0
-12 62 -84 0
48 -123 135 0
34 80 -118 0
26 -42 -109 0
-106 -132 -145 0
-37 44 -52 0
-83 109 111 0
11 -29 -147 0
-6 16 150 0
-8 -11 112 0
-19 97 -150 0
18 -70 -107 0
-62 70 124 0
-11 -15 -73 0
50 88 148 0
-112 133 140 0
-91 119 142 0
-3 46 60 0
85 -106 -133 0
85 124 -149 0
39 -133 138 0
-93 94 -137 0
-36 -61 77 0
-38 -122 133 0
15 -44 149 0
-84 -90 140 0
29 98 -137 0
-71 123 -128 0
-76 -98 -102 0
-24 32 74 0
-14 -41 -47 0
-24 73 -123 0
-12 -44 137 0
-58 -86 -113 0
-14 -59 -129 0
-29 -44 60 0
56 -85 145 0
-26 110 149 0
24 -48 148 0
-76 -84 -136 0
-33 79 -88 0
43 50 -94 0
-19 120 133 0
18 -29 -75 0
-14 -23 39 0
-11 -12 -95 0
-35 -119 -125 0
-66 -127 -142 0
2 23 132 0
-49 133 146 0
54 -94 -115 0
-48 -90 -133 0
-20 -56 82 0
4 -54 115 0
46 -76 -142 0
-22 -68 -121 0
47 65 -128 0
-12 -89 111 0
111 -123 -143 0
-61 -79 -104 0
4 137 141 0
31 -103 111 0
38 111 141 0
-5 26 -116 0
-19 116 128 0
-28 -77 111 0
-87 -137 143 0
-36 -48 -120 0
84 -119 -138 0
-38 -64 87 0
64 -99 104 0
54 -58 82 0
-41 70 94 0
5 -99 138 0
-53 -62 -144 0
-75 92 -125 0
-8 59 -100 0
-81 -123 139 0
-5 -128 144 0
-32 49 -81 0
-1 -26 -120 0
30 -77 137 0
-32 -75 -101 0
-43 -57 76 0
39 -97 138 0
-81 124 144 0
-54 115 128 0
38 -70 -109 0
7 -25 -92 0
-77 -137 -143 0
-13 -133 139 0
18 58 148 0
14 -47 -52 0
-26 -54 73 0
-84 -103 -126 0
-5 9 66 0
-37 -105 106 0
-79 -133 -150 0
24 63 145 0
-17 -117 135 0
8 -33 -89 0
51 -59 -133 0
-22 -106 143 0
-133 141 142 0
-103 131 144 0
32 -77 -119 0
43 -79 -133 0