p cnf 150 870
23 -49 -100 0
70 -121 -131 0
25 41 -96 0
26 -68 128 0
-4 36 84 0
64 -115 -116 0
72 -86 -88 0
-14 15 129 0
-88 91 -123 0
-77 -97 -124 0
31 -132 -136 0
72 -99 125 0
-40 111 -135 0
-48 118 142 0
40 96 145 0
-8 78 -100 0
51 -71 144 0
-37 -52 96 0
-67 -95 -96 0
16 89 -132 0
-53 98 -109 0
23 -29 81 0
-91 111 -117 0
-74 117 131 0
79 121 -123 0
64 71 -104 0
-57 -68 -78 0
-43 122 123 0
19 80 129 0
-49 86 88 0
-4 -33 71 0
-103 -139 146 0
-95 96 -110 0
-43 59 -112 0
-23 -141 147 0
16 75 114 0
23 -59 -68 0
11 -86 -95 0
-39 -48 86 0
-39 79 -96 0
2 4 108 0
15 -90 124 0
87 -100 -149 0
39 -135 -142 0
33 73 107 0
-22 -62 -133 0
24 -29 142 0
20 28 -94 0
19 96 146 0
-34 -74 145 0
18 -32 84 0
19 -124 -148 0
-60 -87 -133 0
-85 110 -126 0
5 -75 -142 0
27 -33 119 0
-68 103 128 0
-40 -91 -149 0
-3 6 49 0
-40 -73 131 0
62 106 149 0
-22 28 108 0
91 -120 -121 0
31 -40 -59 0
12 58 101 0
-22 101 -116 0
-46 102 -124 0
-79 -80 142 0
20 -64 -88 0
-27 -50 72 0
20 42 -46 0
-95 -120 147 0
136 -137 -146 0
-98 -111 -132 0
-37 91 -137 0
81 140 144 0
-21 -78 -133 0
67 109 -121 0
33 62 65 0
-16 -52 -141 0
60 -61 95 0
21 36 112 0
15 -61 -109 0
-71 100 -127 0
-47 -51 -72 0
-44 -67 -80 0
4 -5 141 0
-26 -95 100 0
-88 129 -149 0
66 -75 -101 0
47 110 131 0
45 80 -112 0
-21 -66 -67 0
-24 54 -93 0
-68 107 130 0
9 -22 -57 0
-19 -94 117 0
66 -129 137 0
-37 80 -139 0
25 -90 -120 0
46 -97 -130 0
-47 -75 -110 0
-35 -42 92 0
-7 80 137 0
29 30 -112 0
-86 -108 115 0
27 55 -124 0
-21 -54 57 0
-3 -12 145 0
-32 -44 -93 0
-3 -143 -144 0
47 -57 -90 0
-2 67 111 0
4 52 -133 0
-24 -117 147 0
6 27 -83 0
-41 -100 -144 0
-78 80 105 0
6 -10 28 0
18 44 53 0
-73 95 108 0
4 68 99 0
-13 69 148 0
2 49 -63 0
48 83 -131 0
-42 57 101 0
115 129 -130 0
62 66 121 0
52 108 -122 0
61 120 -143 0
-53 78 -103 0
6 -33 -145 0
-5 12 26 0
39 -63 98 0
-62 -100 105 0
6 24 48 0
26 -70 -129 0
-20 -59 -144 0
-21 -52 -64 0
53 120 -129 0
-14 -56 -63 0
21 -34 -55 0
-15 45 66 0
9 56 85 0
-6 39 -56 0
11 47 54 0
-3 24 75 0
-11 74 -94 0
-48 63 141 0
14 -22 -50 0
7 -55 83 0
12 -68 -76 0
-57 58 62 0
-22 61 -121 0
30 -80 -107 0
38 65 86 0
-24 -128 -139 0
-31 33 72 0
-8 -65 -70 0
21 94 120 0
-76 111 -133 0
4 -34 63 0
6 116 134 0
-10 46 150 0
15 76 -93 0
3 82 -124 0
-20 -50 -93 0
-57 99 -135 0
22 59 -132 0
-77 103 -129 0
37 106 123 0
-34 39 -66 0
-7 -131 136 0
87 115 118 0
-25 -34 84 0
-56 -78 89 0
41 56 114 0
33 -49 129 0
1 26 -95 0
41 -122 128 0
40 83 -112 0
71 -76 79 0
41 -102 -147 0
44 112 115 0
34 -54 117 0
58 -82 105 0
-76 -79 -122 0
104 126 130 0
65 116 -137 0
-102 -133 -150 0
39 -76 149 0
18 102 -110 0
3 -126 -136 0
-11 -93 -95 0
-28 62 -92 0
33 -126 137 0
28 -37 140 0
117 -128 141 0
-77 120 -127 0
21 -62 134 0
42 -76 -133 0
-16 -55 131 0
-22 57 118 0
5 76 106 0
23 -136 -144 0
69 -96 141 0
-32 33 -136 0
-70 -88 -143 0
-13 19 24 0
11 51 130 0
37 119 139 0
-25 -97 105 0
88 -91 133 0
-7 -44 -82 0
-54 100 -117 0
-130 -140 143 0
2 -12 33 0
-16 81 -117 0
-22 -88 141 0
-7 36 -50 0
42 116 -146 0
28 29 -50 0
8 116 -128 0
13 -53 79 0
-3 48 143 0
-26 -130 -146 0
2 24 25 0
-67 -79 124 0
79 -83 -113 0
69 91 99 0
23 -41 -85 0
7 49 -105 0
-27 -46 58 0
-20 -33 -129 0
-19 -37 88 0
-3 -52 -75 0
9 -23 -85 0
-90 -102 -117 0
10 15 131 0
-26 54 99 0
30 -35 81 0
-14 -78 146 0
41 -72 -119 0
-11 -81 112 0
13 134 -138 0
50 -69 -91 0
-29 55 -117 0
-72 93 120 0
15 42 -106 0
-22 56 -131 0
-17 43 -54 0
-23 -39 -51 0
10 15 99 0
-103 -113 120 0
43 115 -122 0
46 129 149 0
-23 -75 -138 0
-57 -71 142 0
-36 -49 57 0
-25 -119 -127 0
6 14 97 0
30 47 82 0
-10 -73 82 0
61 90 99 0
8 140 144 0
-18 75 -77 0
-94 -133 -150 0
-18 97 114 0
7 118 -134 0
-61 103 150 0
104 -129 -135 0
63 111 138 0
9 14 48 0
-13 16 -84 0
28 -64 -65 0
-9 -117 -125 0
-116 -131 -149 0
27 35 81 0
-32 -66 75 0
-23 61 -142 0
-26 -46 -102 0
54 -58 125 0
45 56 79 0
-34 59 -112 0
95 -106 145 0
-64 66 109 0
-102 114 126 0
21 80 86 0
23 72 136 0
-16 -47 146 0
28 67 106 0
-93 99 134 0
94 -97 -109 0
-3 -31 112 0
-30 43 -139 0
-71 86 -104 0
-2 37 69 0
-51 54 -149 0
76 -112 -121 0
11 76 118 0
32 -71 73 0
66 -81 -89 0
-8 14 121 0
-56 104 -127 0
54 67 -137 0
-22 68 -86 0
51 60 -70 0
-3 -85 125 0
104 -106 -116 0
-45 -56 -59 0
56 -101 120 0
62 65 136 0
48 74 -114 0
-29 105 130 0
-71 -137 146 0
-60 -66 127 0
-22 -64 77 0
-39 42 -138 0
-37 126 -134 0
-8 -148 -150 0
6 63 72 0
-5 -35 -114 0
-115 120 -139 0
42 -60 -62 0
23 41 -109 0
5 37 78 0
-21 135 136 0
-7 -47 -89 0
28 -87 -133 0
64 91 128 0
106 137 141 0
74 -86 -111 0
91 -125 142 0
-17 30 34 0
41 -52 80 0
7 -49 -118 0
40 47 84 0
-40 -84 -106 0
10 96 141 0
2 -13 125 0
44 94 144 0
28 43 97 0
13 -56 -74 0
26 -59 -142 0
-27 76 116 0
34 124 -144 0
8 -56 126 0
-6 -34 45 0
10 39 -131 0
-32 -80 -150 0
-16 -20 93 0
-71 -105 140 0
8 18 -34 0
1 -21 46 0
-22 -114 -121 0
-24 -84 112 0
-6 -23 -43 0
-12 23 87 0
-29 -84 -131 0
39 106 -116 0
18 -65 69 0
11 59 104 0
7 -100 -133 0
36 59 -81 0
15 136 -149 0
38 -52 -101 0
75 -130 131 0
-20 -101 140 0
123 125 132 0
6 -74 -121 0
-35 -96 -121 0
-44 -82 129 0
-63 124 -125 0
-49 88 -133 0
-49 -70 -110 0
-3 -79 85 0
-55 70 -126 0
-11 12 -73 0
-102 137 -143 0
69 -115 123 0
-14 47 -77 0
-54 74 112 0
-14 35 -76 0
4 -87 -100 0
-12 -63 149 0
-43 62 136 0
15 -26 119 0
74 107 144 0
-1 56 -99 0
-35 -50 -87 0
-48 -79 -87 0
75 -109 133 0
34 86 -149 0
-27 30 121 0
20 112 -145 0
-112 -122 -137 0
35 -110 141 0
31 48 -58 0
-2 135 -144 0
32 52 146 0
75 -85 88 0
-89 -131 -143 0
-39 -85 -128 0
38 49 121 0
35 68 121 0
-34 -68 -75 0
-39 -84 126 0
94 -124 131 0
-23 100 -108 0
39 79 -128 0
10 31 103 0
-25 52 -146 0
7 29 -141 0
5 -134 146 0
18 -125 136 0
-107 -126 -138 0
-35 -113 121 0
12 -80 -92 0
6 -42 -87 0
4 -36 -145 0
-2 -6 -85 0
23 115 -130 0
-67 130 -139 0
-20 101 148 0
-40 -98 -101 0
90 125 -126 0
-25 30 -109 0
66 83 -88 0
-9 -45 -121 0
-22 -35 70 0
-79 -120 127 0
62 82 104 0
29 -65 139 0
-7 -42 -110 0
44 126 -138 0
6 61 -62 0
-8 70 -105 0
-10 -66 81 0
59 -79 138 0
-43 -71 105 0
76 -88 -139 0
-67 71 -148 0
-2 -21 120 0
-5 -24 147 0
-4 10 140 0
-58 -122 -146 0
5 17 137 0
-15 -93 132 0
18 -79 -125 0
-4 22 -90 0
-9 -40 55 0
25 -120 132 0
8 60 -122 0
-18 -30 41 0
-38 61 68 0
17 135 143 0
-3 -8 21 0
25 -32 -126 0
-1 -97 103 0
79 99 103 0
-3 83 86 0
-49 -57 -72 0
-1 -115 -130 0
-37 -79 107 0
-35 -59 -146 0
46 68 86 0
-37 -47 -121 0
-60 65 -81 0
17 -35 49 0
105 121 -133 0
23 -47 121 0
74 89 121 0
-15 -52 57 0
-13 106 126 0
-61 -93 -130 0
-65 67 105 0
-2 -66 150 0
66 70 -84 0
-54 84 -88 0
51 98 122 0
120 -125 140 0
-68 -140 -143 0
61 89 149 0
89 -138 -146 0
-26 54 -99 0
-2 -49 139 0
5 15 103 0
73 91 145 0
-67 -107 110 0
-79 -80 138 0
14 -21 -43 0
-69 -84 97 0
-54 -142 -144 0
-13 51 127 0
21 48 85 0
62 -63 147 0
58 -62 82 0
-63 89 -107 0
-34 -57 69 0
1 -14 88 0
86 109 112 0
32 47 106 0
49 -55 -112 0
-57 -114 147 0
-20 -88 147 0
-36 106 119 0
99 -117 -121 0
34 60 104 0
93 124 146 0
-59 115 -139 0
16 -91 -102 0
-21 80 84 0
40 -41 -139 0
-7 -11 65 0
9 40 -92 0
-21 -24 104 0
-26 -113 123 0
18 -76 140 0
34 147 149 0
-14 20 -42 0
17 -78 111 0
22 -129 150 0
46 -137 149 0
-26 96 144 0
5 -45 149 0
38 -80 121 0
38 56 -95 0
25 -72 -139 0
-86 -103 -142 0
-105 -107 -125 0
16 -52 -121 0
68 81 -93 0
-16 116 148 0
13 36 -121 0
1 -84 -133 0
60 -68 75 0
-18 -30 -126 0
-26 -51 -59 0
32 -38 110 0
-14 -92 -144 0
45 52 131 0
51 -58 -123 0
134 -136 137 0
-23 36 -83 0
-81 -86 -118 0
59 -70 -114 0
2 65 111 0
-13 -69 147 0
-10 -59 -127 0
-11 -18 -24 0
11 -53 145 0
7 -46 130 0
10 -73 -95 0
44 -63 93 0
54 116 121 0
-39 -93 140 0
-14 74 149 0
53 -60 -69 0
67 -93 114 0
134 -140 -143 0
-20 -24 107 0
-6 87 128 0
11 -120 -137 0
-108 136 -141 0
-17 36 89 0
36 -81 -112 0
40 -89 107 0
74 -116 -125 0
64 -83 -115 0
37 -95 100 0
41 -84 -92 0
-50 -132 141 0
35 69 129 0
5 34 140 0
19 30 35 0
1 29 -33 0
-27 -45 -119 0
-13 52 -111 0
-9 20 22 0
50 -63 -122 0
-1 -4 -142 0
47 -57 -76 0
54 66 110 0
18 42 64 0
26 -36 -129 0
70 75 149 0
20 -77 -103 0
-14 -17 -121 0
56 -61 117 0
80 101 -119 0
4 -107 131 0
-72 73 83 0
9 36 -85 0
-51 52 131 0
74 -97 119 0
-13 -108 -147 0
93 96 -132 0
-32 63 145 0
3 -27 65 0
27 92 135 0
-34 -132 -133 0
-44 135 -139 0
-52 71 -107 0
2 -62 121 0
-18 98 -150 0
-47 111 141 0
31 -35 -74 0
-11 62 91 0
-53 60 124 0
69 88 -132 0
-19 -88 150 0
95 -113 137 0
1 98 141 0
95 -101 -147 0
-21 57 98 0
11 -17 75 0
48 55 -71 0
-61 -116 141 0
112 -121 -124 0
-35 101 124 0
-11 -76 119 0
-5 -38 105 0
-48 56 117 0
4 -8 -72 0
-18 -67 -149 0
12 -58 99 0
10 -99 147 0
113 124 146 0
-60 -100 -137 0
62 -96 -110 0
17 -113 -138 0
-109 -114 -116 0
91 -96 136 0
15 -65 -146 0
19 -47 -114 0
-68 -77 79 0
14 -95 127 0
-4 15 34 0
-36 -80 82 0
50 -65 -67 0
-71 98 112 0
49 -58 95 0
16 40 -91 0
-33 92 -143 0
-66 -79 118 0
-43 -92 145 0
6 -96 110 0
11 -71 133 0
-1 55 -150 0
16 35 143 0
23 42 138 0
-53 86 141 0
-34 -114 -141 0
-61 -69 117 0
-4 -15 40 0
-17 -37 -97 0
-24 -68 102 0
32 54 -69 0
25 -29 -83 0
28 -42 -111 0
-22 132 144 0
11 13 149 0
26 55 -105 0
45 -71 -99 0
62 -79 -139 0
15 41 -121 0
52 -89 -117 0
-63 95 -121 0
-65 66 128 0
13 -52 -55 0
77 -103 149 0
-21 49 -64 0
2 -42 43 0
17 130 147 0
40 68 77 0
-58 -78 -108 0
-29 64 137 0
-49 80 121 0
75 -113 145 0
-17 87 128 0
-51 71 146 0
-14 -102 -136 0
31 -79 109 0
32 90 -113 0
-42 -74 139 0
4 82 -112 0
-109 119 -126 0
-38 -60 80 0
22 -31 61 0
-9 -146 -150 0
55 -124 138 0
-15 -33 -119 0
-23 -67 130 0
10 68 113 0
-21 82 -99 0
13 118 -124 0
54 69 -89 0
4 86 -114 0
-9 62 110 0
59 -125 -144 0
-54 58 -105 0
51 97 -99 0
84 -100 138 0
46 119 138 0
-86 -111 144 0
105 -129 150 0
68 74 120 0
18 25 107 0
-31 -73 149 0
-26 -55 137 0
-42 -53 108 0
2 -27 76 0
42 83 108 0
-32 -61 105 0
44 52 79 0
16 -17 38 0
41 -81 -103 0
-43 -55 100 0
-43 -131 -138 0
-73 78 -104 0
9 -113 -139 0
-15 -71 118 0
60 91 136 0
-26 -124 -135 0
66 106 -121 0
10 -40 97 0
103 117 120 0
62 63 -69 0
73 -77 -149 0
-48 -74 -120 0
-49 119 -139 0
46 -86 123 0
19 -114 -132 0
43 101 131 0
4 22 93 0
-5 37 -143 0
-52 -66 -109 0
45 -67 -94 0
-6 21 54 0
-86 98 121 0
-46 79 -102 0
61 -69 143 0
23 42 -150 0
-67 -98 129 0
-7 -16 31 0
18 -77 -128 0
-33 71 -143 0
-17 -38 -141 0
19 -97 125 0
-45 75 -91 0
-3 72 149 0
41 45 131 0
41 -138 -150 0
4 46 65 0
-16 46 93 0
54 -69 84 0
-6 -41 130 0
-23 47 110 0
-56 74 -134 0
-7 -61 82 0
-102 -120 143 0
-27 -77 114 0
55 -133 -134 0
5 8 125 0
4 80 91 0
45 66 -115 0
1 60 -61 0
-16 -92 148 0
16 107 150 0
-43 125 133 0
-95 132 134 0
-5 -62 138 0
-36 142 -149 0
31 -57 -147 0
70 91 -114 0
32 -123 -150 0
6 -56 120 0
23 -39 108 0
17 24 -120 0
22 -107 -138 0
-14 52 130 0
35 -87 -127 0
110 118 -129 0
-10 -100 130 0
21 -79 141 0
26 45 -138 0
-110 125 131 0
117 -126 -146 0
-13 37 56 0
-6 95 -141 0
-70 114 137 0
58 61 138 0
36 55 -84 0
8 60 111 0
-6 92 139 0
-61 -98 144 0
-10 -125 133 0
-79 -91 -99 0
78 -82 117 0
-54 -87 -129 0
84 -86 145 0
65 -82 -112 0
-34 -57 145 0
85 109 -118 0
72 -128 -146 0
-35 -103 -134 0
71 127 -141 0
-55 103 136 0
25 -108 -112 0
-22 -41 62 0
-15 95 -113 0
40 -53 93 0
-101 129 -133 0
-16 52 113 0
-48 51 -125 0
45 -125 136 0
-51 78 88 0
26 -48 140 0
20 -65 -104 0
23 -46 -149 0
16 -54 113 0
24 -28 -84 0
41 -49 -146 0
-45 114 -127 0
-11 -37 150 0
31 35 102 0
-12 88 -90 0
5 -58 82 0
1 84 148 0
27 75 87 0
-38 -120 124 0
126 144 -146 0
62 -74 -136 0
-27 100 -128 0
27 37 86 0
-133 -135 147 0
37 -44 -112 0
-10 -44 -62 0
-36 -91 -105 0
-2 22 60 0
-59 -60 136 0
-22 83 -131 0
35 82 121 0
-44 -94 -131 0
58 94 -115 0
6 -31 -120 0
7 -37 129 0
-74 93 -99 0
-4 71 -104 0
-44 -54 95 0
-51 -73 -112 0
22 -78 98 0
12 -28 -74 0
-56 -83 87 0
-39 -54 -135 0
-19 -28 133 0
-56 116 139 0
-58 -88 -89 0
-16 27 -121 0
-44 66 138 0
5 87 -122 0
14 50 141 0
-13 127 139 0
74 111 -124 0
-15 -41 -81 0
-9 -76 -135 0
-78 -143 -148 0
-45 103 118 0
-60 -63 141 0
52 -119 -120 0