p cnf 150 750
50 -55 60 0
26 68 143 0
-12 18 20 0
52 -76 93 0
-1 16 -105 0
63 71 -108 0
-77 -100 103 0
76 80 139 0
14 102 149 0
-31 -54 77 0
27 -76 -125 0
-19 64 -110 0
27 118 141 0
19 -45 -134 0
-33 -40 -99 0
-22 -25 124 0
6 44 75 0
32 66 -148 0
6 -57 137 0
21 44 71 0
-45 -56 67 0
35 -66 110 0
27 -106 -132 0
-47 -120 -141 0
74 -87 148 0
31 124 136 0
-21 68 93 0
-57 -78 -123 0
16 80 -117 0
-41 85 -88 0
-20 136 144 0
79 -122 -137 0
-26 114 126 0
-25 -42 114 0
-75 97 -121 0
60 61 99 0
-8 135 150 0
-2 -10 86 0
-82 -89 -97 0
3 -36 81 0
-12 -66 91 0
-1 -40 -125 0
-30 -139 145 0
88 -90 -149 0
9 -92 -148 0
-68 -117 -118 0
-47 58 -67 0
-52 -58 65 0
71 -80 136 0
-41 -115 -139 0
-45 -83 94 0
-40 78 93 0
64 130 -145 0
-25 -49 116 0
-95 130 -148 0
58 89 111 0
-19 -41 146 0
63 -98 -125 0
90 99 142 0
53 -73 96 0
5 -120 132 0
25 59 77 0
33 68 -101 0
-53 72 -150 0
-15 -57 -142 0
-26 29 -87 0
60 -133 137 0
-24 -76 -102 0
7 17 54 0
6 26 -89 0
-38 95 142 0
-36 66 -80 0
1 -71 134 0
-36 -42 -71 0
-55 59 70 0
18 -104 -125 0
-54 101 -128 0
8 117 -121 0
-77 -82 110 0
78 -120 134 0
25 65 94 0
3 7 25 0
-53 59 142 0
27 -66 101 0
68 -80 143 0
-25 75 80 0
9 90 -134 0
-72 -131 -143 0
-130 -139 -146 0
-29 -34 -75 0
59 111 -120 0
-15 92 -128 0
-53 77 85 0
57 -119 135 0
10 25 -106 0
8 -35 57 0
-84 101 -105 0
-120 -121 -123 0
28 -38 -118 0
41 131 -145 0
19 29 117 0
-81 113 -150 0
50 -87 -113 0
-2 40 115 0
67 -89 -117 0
-83 -108 113 0
3 -25 -26 0
-83 -85 113 0
-100 -116 -133 0
88 -100 141 0
-64 -67 -106 0
29 -86 -110 0
-27 -58 80 0
-22 -23 -43 0
67 -80 105 0
-84 87 -98 0
27 74 -91 0
-12 -61 -64 0
71 -106 -149 0
41 -100 132 0
6 41 -76 0
-11 -103 122 0
-12 22 -65 0
-17 -87 92 0
2 -12 104 0
-51 61 -80 0
98 115 -127 0
-49 113 -116 0
72 91 -97 0
-5 -30 85 0
135 140 -145 0
-58 -63 143 0
-2 60 100 0
-53 76 116 0
-93 -116 133 0
-33 -39 -102 0
44 56 -130 0
43 129 -132 0
-9 -58 -117 0
-50 -65 117 0
71 -99 117 0
86 91 134 0
17 -41 71 0
9 120 -139 0
-23 -113 -139 0
-2 108 -148 0
-33 118 143 0
-6 -72 -75 0
2 31 -70 0
-1 -84 -146 0
-13 23 -133 0
-35 87 144 0
7 -20 -87 0
-80 107 -130 0
41 44 -92 0
1 -21 -59 0
8 -77 106 0
-5 -103 -131 0
-11 -33 88 0
-25 -36 121 0
20 124 150 0
40 -81 -116 0
-82 98 -146 0
63 102 130 0
6 -65 -71 0
-32 65 81 0
20 -48 -95 0
-42 -106 117 0
-12 -13 -62 0
-13 39 115 0
35 39 -60 0
86 101 -148 0
-47 -74 -115 0
-6 112 125 0
-22 49 124 0
52 -57 -85 0
30 47 68 0
98 -118 -147 0
82 118 -136 0
-5 48 120 0
-9 -41 -111 0
23 73 111 0
-95 -132 134 0
-82 -85 -137 0
13 54 128 0
-9 24 69 0
-20 101 125 0
-46 59 65 0
-102 -137 -138 0
-56 -85 117 0
17 -20 42 0
74 121 142 0
-70 -111 124 0
54 -84 -137 0
-83 99 -135 0
14 -97 142 0
11 70 -80 0
13 21 121 0
-40 91 104 0
-55 91 135 0
28 73 146 0
-75 -76 -81 0
-54 -114 -136 0
-23 -48 -100 0
20 36 -42 0
65 104 -145 0
-20 35 49 0
-55 65 69 0
55 81 -136 0
63 -120 -136 0
-35 -42 -94 0
-35 54 -142 0
16 67 136 0
4 125 145 0
-37 142 149 0
11 -88 137 0
16 79 81 0
-8 -21 -133 0
-47 52 135 0
114 -122 146 0
73 99 110 0
2 72 149 0
52 95 96 0
-89 -110 -143 0
15 118 150 0
35 -41 -115 0
10 26 -92 0
-5 -38 81 0
61 -70 -113 0
19 -34 -136 0
-73 78 -93 0
61 -80 -124 0
56 -80 125 0
88 -93 150 0
-6 -17 -119 0
35 104 -146 0
-122 -131 -140 0
-96 -134 -147 0
64 112 -140 0
-9 -24 -49 0
-9 -38 -85 0
24 -31 -73 0
36 76 -136 0
-23 -87 145 0
-39 90 -115 0
55 101 117 0
-39 53 -76 0
-24 -40 -54 0
-11 13 44 0
9 25 -137 0
-5 -100 -119 0
-60 -70 -143 0
-103 138 -148 0
-79 84 113 0
-37 144 -148 0
-47 48 146 0
47 -54 -144 0
48 -60 -81 0
-41 -73 106 0
-43 58 129 0
-103 121 -147 0
-29 -56 120 0
1 -84 -93 0
2 -86 122 0
-77 -133 149 0
31 -70 -101 0
59 113 -147 0
-14 -16 -104 0
-23 -69 -106 0
-70 83 -131 0
-37 86 111 0
57 62 66 0
97 -108 116 0
44 60 -124 0
34 -49 98 0
-6 7 16 0
-80 109 135 0
77 111 -116 0
31 58 78 0
-22 81 -137 0
-61 -88 142 0
-1 -51 -97 0
71 -92 -139 0
-42 -106 -135 0
-8 -28 -46 0
73 107 -149 0
-11 -61 -97 0
48 67 119 0
50 107 -144 0
-18 30 -70 0
-87 -124 144 0
23 51 -130 0
-20 23 129 0
18 74 107 0
13 69 143 0
42 79 96 0
79 -99 -123 0
-16 22 -142 0
-62 -104 -116 0
-79 86 99 0
35 -49 -112 0
-20 33 -51 0
11 -64 89 0
8 61 -135 0
2 65 119 0
-6 -117 -124 0
22 -119 -135 0
40 -73 -76 0
37 88 -142 0
-10 -68 150 0
55 -72 134 0
-15 104 135 0
-1 -80 90 0
-24 -40 -50 0
62 92 -121 0
-12 -13 -120 0
-72 -95 -119 0
-64 -65 77 0
11 49 -108 0
3 -24 -148 0
50 -76 -100 0
1 24 -45 0
-64 111 -140 0
-52 101 104 0
65 92 133 0
35 -65 -92 0
7 -58 64 0
-41 93 -100 0
20 72 148 0
-14 120 -141 0
-80 -114 128 0
-74 116 125 0
27 -88 -125 0
-69 98 -131 0
56 -87 -104 0
-51 60 -101 0
75 92 -106 0
-15 -122 -137 0
64 -67 75 0
12 31 76 0
-13 67 108 0
15 80 -114 0
4 -25 -82 0
20 -38 -42 0
-7 10 106 0
61 65 -113 0
82 -124 141 0
-5 -47 -150 0
-49 79 85 0
-18 -29 147 0
66 89 138 0
22 -138 -142 0
-67 -87 -91 0
68 119 -135 0
-4 -56 116 0
-67 -84 -132 0
63 -91 126 0
22 -27 138 0
-38 -39 -70 0
-9 -27 131 0
-17 120 132 0
-15 82 134 0
83 -129 138 0
53 -75 143 0
-12 -49 -76 0
-104 -106 -123 0
56 91 -140 0
21 34 81 0
-40 57 -126 0
-69 -119 -125 0
-84 -113 -144 0
-7 88 139 0
3 32 80 0
53 90 -97 0
19 -105 111 0
29 61 -146 0
6 30 -40 0
78 -108 -110 0
-21 80 141 0
-14 30 88 0
-43 -51 -106 0
28 33 -82 0
-20 35 96 0
-3 65 78 0
-51 -77 129 0
-23 -44 141 0
-32 52 -117 0
-1 -20 123 0
25 36 85 0
-4 -142 149 0
42 -91 106 0
-3 -95 -147 0
-47 68 71 0
-52 -65 -133 0
74 110 147 0
-79 92 -118 0
13 40 -73 0
-77 136 -140 0
13 -130 136 0
11 104 111 0
71 -72 -121 0
-29 -54 -97 0
-18 38 87 0
22 -54 -77 0
-44 -125 -143 0
95 128 -135 0
32 -115 128 0
83 116 138 0
-26 90 -91 0
-43 -48 -131 0
18 -55 85 0
31 -32 -70 0
63 -111 142 0
-9 -10 49 0
-20 88 121 0
9 -120 -146 0
60 -98 133 0
-45 -53 122 0
54 121 150 0
22 92 116 0
-28 35 41 0
56 113 -147 0
-40 126 134 0
53 -63 -111 0
-36 -118 -133 0
-17 86 -133 0
39 -73 144 0
-25 57 118 0
-5 77 -149 0
-116 133 -138 0
-12 36 -58 0
-37 -56 139 0
3 25 -32 0
-1 -100 -117 0
28 -78 118 0
-75 94 -146 0
6 32 -57 0
4 -24 38 0
44 113 -116 0
-47 -51 -75 0
-4 -111 134 0
26 -121 -139 0
-8 -94 -115 0
11 14 -122 0
-28 -52 -79 0
-16 68 140 0
19 90 -134 0
-26 -66 148 0
22 -29 46 0
8 30 133 0
7 -113 118 0
35 45 -99 0
61 78 91 0
21 29 65 0
61 -126 -147 0
-19 -23 -89 0
26 69 -80 0
33 -65 130 0
-55 58 84 0
-56 92 133 0
-12 18 -59 0
-59 70 121 0
1 105 -123 0
-5 50 60 0
73 126 141 0
5 -15 104 0
50 -92 -93 0
-47 -110 118 0
-1 58 -125 0
11 -28 141 0
-97 -117 -118 0
62 -102 -129 0
-49 -84 -130 0
-24 84 140 0
-52 76 -98 0
-14 49 -134 0
13 -19 -63 0
-67 -81 82 0
11 -12 91 0
-27 53 -140 0
19 -101 140 0
20 34 -106 0
-113 -114 144 0
62 -91 137 0
-15 108 123 0
9 -46 73 0
-78 -140 143 0
-24 106 121 0
120 -123 -139 0
28 76 107 0
39 -40 -113 0
11 -48 -145 0
-69 -114 -125 0
-22 104 -145 0
-33 -66 -103 0
-71 -87 132 0
88 -122 128 0
22 68 -125 0
-3 -49 -126 0
53 107 141 0
25 51 94 0
-3 13 -85 0
-36 89 102 0
-51 103 -124 0
9 -129 -132 0
-26 28 -58 0
-19 -59 133 0
58 -60 80 0
11 15 46 0
-3 10 -132 0
72 78 -93 0
27 -109 149 0
40 -137 -141 0
25 38 -111 0
-11 104 109 0
8 77 123 0
4 16 140 0
-28 68 -69 0
30 -127 -147 0
-31 -55 -82 0
16 -90 -132 0
41 98 142 0
-40 113 -127 0
-3 4 124 0
-8 -108 145 0
-19 24 142 0
-21 -50 -66 0
-40 54 126 0
51 68 112 0
85 -127 133 0
-42 132 138 0
-29 -91 -140 0
12 46 -132 0
-107 113 134 0
-89 -103 -146 0
9 -64 77 0
24 -119 130 0
-87 -121 138 0
33 -69 141 0
-5 85 -98 0
15 -113 -115 0
41 56 -96 0
-75 117 147 0
19 -58 -128 0
-8 102 138 0
-15 18 -137 0
-50 80 98 0
6 99 -101 0
-33 88 119 0
15 80 -142 0
18 -38 -95 0
36 53 99 0
57 61 -145 0
44 95 135 0
50 54 -129 0
3 -128 -131 0
10 -25 -74 0
-75 -79 -105 0
17 27 -131 0
126 136 139 0
29 -48 -113 0
59 -112 133 0
4 -80 -128 0
-6 15 -94 0
-69 98 100 0
32 -64 92 0
-11 53 99 0
-73 -97 -113 0
-45 -120 -138 0
12 49 121 0
-99 104 -150 0
36 39 -57 0
13 85 -120 0
-80 104 129 0
-14 -40 -111 0
65 96 -118 0
-60 -122 134 0
85 -93 -112 0
-94 113 117 0
-23 -30 -134 0
34 -71 150 0
-83 -133 -146 0
29 -43 -73 0
103 136 -137 0
-122 -131 149 0
-8 -54 58 0
20 -118 -135 0
17 46 -82 0
-8 69 -101 0
-70 129 148 0
-14 -87 -93 0
11 108 -135 0
8 -88 112 0
-64 -73 -88 0
-45 92 133 0
13 15 40 0
30 -87 109 0
6 57 -83 0
-20 -51 90 0
-49 51 146 0
33 93 -104 0
-27 131 144 0
-7 125 133 0
23 -57 -134 0
-2 -73 -133 0
68 131 -148 0
-74 -112 -125 0
-3 53 84 0
21 83 -105 0
-8 71 134 0
-80 -107 140 0
-6 -52 144 0
14 114 148 0
42 49 72 0
22 25 93 0
19 -90 -130 0
53 -90 105 0
17 -24 62 0
109 121 -127 0
26 29 134 0
4 95 114 0
-39 138 -142 0
36 -51 -124 0
-23 -41 -48 0
-35 -61 146 0
65 -97 -146 0
-77 -83 101 0
-49 -74 141 0
24 -50 98 0
-34 90 113 0
88 95 117 0
-3 -36 37 0
67 103 117 0
-62 98 140 0
107 115 -125 0
-2 95 -137 0
-26 -37 67 0
3 96 -125 0
11 -27 -109 0
-32 37 106 0
14 -37 82 0
31 -64 106 0
5 57 -61 0
-5 91 -134 0
17 -65 -137 0
-57 93 146 0
11 -75 139 0
-7 11 15 0
81 121 136 0
-65 107 -139 0
-107 127 -138 0
-8 73 -87 0
51 62 -65 0
-22 -49 123 0
10 -32 127 0
29 -49 -129 0
32 -55 -87 0
-25 96 134 0
33 34 109 0
47 -51 106 0
-67 -92 -117 0
38 -39 147 0
12 83 -131 0
-53 -107 139 0
-61 -83 -105 0
28 -117 -121 0
-13 -43 -114 0
38 43 -90 0
35 -103 -140 0
-15 41 -144 0
-26 -32 -76 0
39 42 136 0
44 -60 -118 0
-4 16 80 0
-105 -111 -139 0
-78 83 -91 0
-13 -14 -36 0
-20 -40 -70 0
64 -104 -112 0
104 106 -135 0
26 -96 -103 0
59 103 -115 0
-8 71 -73 0
51 -80 -138 0
-55 112 -124 0
31 -73 -148 0
-26 -79 143 0
-3 98 -142 0
-18 -35 105 0
-22 -95 -106 0
-20 124 144 0
-46 -109 -132 0
-33 -84 99 0
24 109 112 0
88 -101 -130 0
-55 88 134 0
-2 -55 -145 0
-3 -14 -18 0
15 102 135 0
65 80 85 0
38 -62 82 0
-74 121 -146 0
-9 51 -138 0
23 41 -130 0
80 -128 146 0
-54 -76 -83 0
-80 143 -149 0
-54 -80 93 0
30 68 110 0
39 -129 -149 0
44 -52 67 0
99 124 -132 0
42 -51 57 0
-22 27 139 0
49 -84 -108 0
34 -142 -143 0
-75 -81 -113 0
-1 100 -146 0
-53 -86 -142 0
-52 63 132 0
41 53 -133 0
42 58 149 0
68 -80 -92 0
-10 25 -66 0
-19 92 -102 0
-6 -19 92 0
48 75 -83 0
21 -43 134 0
-8 -23 -130 0
-63 -114 127 0
-30 59 -89 0
-11 15 -136 0
55 -76 113 0
35 41 -104 0
7 135 150 0
-33 84 -96 0
14 -72 82 0
-9 123 -132 0
3 43 117 0
-55 -76 -136 0
-98 -120 -142 0
32 71 91 0
-21 40 -147 0
20 68 -116 0
72 125 -146 0
71 -132 149 0
3 -48 112 0
-41 52 -127 0
-13 -38 113 0
-19 -69 -115 0