p cnf 150 570
-15 22 -139 0
-45 74 109 0
53 124 -125 0
-22 -111 142 0
-17 -18 93 0
69 -105 135 0
-3 16 -102 0
73 100 135 0
31 -56 -103 0
-48 49 -73 0
38 91 -133 0
-4 -96 119 0
4 29 83 0
30 -50 -103 0
-27 107 111 0
-57 -95 125 0
33 76 -124 0
15 -69 -121 0
19 -110 -128 0
25 33 -42 0
-9 -47 -82 0
-8 -50 -69 0
-16 93 97 0
-57 -95 -141 0
-75 101 131 0
1 78 -118 0
-7 55 108 0
-41 -72 127 0
12 46 66 0
16 -59 -112 0
104 136 -148 0
-1 38 -110 0
-6 -14 119 0
-55 -116 -122 0
-24 -86 -105 0
8 -53 -128 0
-14 38 65 0
15 48 -51 0
73 -91 138 0
-100 -105 108 0
-28 51 69 0
-37 -52 104 0
-40 -87 150 0
-23 -24 143 0
9 18 101 0
-26 -86 121 0
67 -75 111 0
-27 73 124 0
38 51 -101 0
-50 103 -105 0
2 31 41 0
82 -133 -145 0
-2 -29 103 0
45 -133 135 0
-94 -134 -137 0
13 -24 -71 0
-19 99 135 0
84 113 133 0
-47 48 118 0
-86 97 147 0
-54 -107 150 0
-94 95 -102 0
-13 -21 47 0
34 114 117 0
-45 -73 -137 0
7 84 134 0
-30 106 -125 0
3 -60 65 0
-14 -58 105 0
8 -32 65 0
42 -94 -129 0
16 -47 126 0
-39 47 -131 0
11 35 116 0
-125 128 -145 0
54 121 129 0
24 -70 -108 0
-41 68 -139 0
-24 84 -120 0
-42 -53 -69 0
-12 60 133 0
-3 -77 88 0
2 -67 -118 0
17 57 73 0
-14 -47 100 0
-101 -118 134 0
84 -98 -128 0
5 33 73 0
10 -64 -90 0
8 -23 40 0
11 91 -99 0
-90 -143 146 0
31 -87 -106 0
79 103 -145 0
13 -101 -108 0
21 -84 -134 0
16 -105 -140 0
35 42 -145 0
-39 -76 -150 0
-76 108 118 0
-26 135 146 0
-19 -49 -65 0
-47 -88 107 0
8 -19 -78 0
30 -65 83 0
7 25 -87 0
-12 -103 138 0
8 13 -124 0
-14 80 -143 0
-12 -14 137 0
-52 -73 -150 0
13 -75 107 0
38 76 82 0
-10 -88 133 0
-17 -38 -139 0
7 -100 -140 0
7 88 -92 0
-1 -32 -63 0
46 68 97 0
101 111 115 0
-46 -60 121 0
-6 -99 123 0
-7 19 41 0
28 -75 -77 0
47 -57 77 0
11 18 122 0
69 -71 141 0
-104 -107 147 0
19 -94 -139 0
-21 93 113 0
-33 -47 -131 0
51 -65 114 0
-68 -75 76 0
-85 -108 -126 0
-105 -113 -135 0
-72 -117 -134 0
37 -47 -70 0
-75 109 -110 0
63 83 -106 0
-4 54 146 0
-16 75 -150 0
29 71 89 0
66 82 -104 0
32 37 39 0
-55 95 -111 0
-18 -96 102 0
21 24 59 0
16 -62 133 0
64 72 75 0
-30 107 142 0
34 83 -122 0
-4 57 106 0
55 -124 134 0
16 -95 -124 0
-5 -79 -83 0
-53 76 -131 0
-30 99 -134 0
-3 63 103 0
47 -129 138 0
-19 101 119 0
5 24 145 0
70 74 80 0
45 67 -138 0
7 -34 56 0
-42 -49 51 0
-72 -134 145 0
28 -78 -109 0
-104 119 -123 0
-43 48 137 0
18 39 61 0
-34 -55 -59 0
5 28 -113 0
-45 -48 -87 0
-28 -64 -77 0
53 86 134 0
-95 -98 -131 0
-26 43 -108 0
-49 -63 -115 0
7 -59 102 0
43 -84 149 0
-65 66 69 0
-16 -28 -129 0
16 104 -144 0
11 -25 59 0
-11 79 133 0
5 -12 -130 0
-30 45 -104 0
58 -77 93 0
33 -75 110 0
-36 59 89 0
21 -47 -67 0
-86 -122 133 0
14 -20 -60 0
-4 64 -67 0
52 -68 -71 0
18 -21 -83 0
79 -110 129 0
-22 -41 -73 0
17 -96 111 0
6 -37 96 0
50 -132 146 0
-48 -93 118 0
59 122 149 0
-39 117 -124 0
64 -65 -89 0
-4 -30 88 0
-18 72 -103 0
-8 16 -124 0
16 34 85 0
102 -123 -124 0
-40 126 131 0
-43 53 135 0
3 65 -124 0
17 -67 -137 0
-39 98 150 0
31 -53 122 0
2 -52 -145 0
11 13 85 0
23 76 -111 0
-5 -49 -103 0
4 97 -136 0
14 26 -135 0
-4 35 144 0
-62 116 -145 0
-9 19 73 0
41 84 96 0
50 67 111 0
-46 -85 146 0
-24 -75 136 0
77 123 131 0
-5 -103 105 0
86 -104 117 0
-22 66 101 0
-30 -79 -106 0
-41 45 52 0
-20 42 98 0
-43 62 -142 0
30 -56 147 0
-40 57 -86 0
-41 -53 -140 0
41 -119 -149 0
-30 -114 134 0
-57 -89 -115 0
1 54 -106 0
-65 -68 76 0
110 -113 -117 0
-35 75 -92 0
2 67 118 0
-72 -84 149 0
-10 61 -89 0
-46 68 -129 0
-48 77 90 0
-45 67 107 0
19 40 -71 0
-6 -141 145 0
38 -69 -112 0
8 -69 95 0
45 -96 144 0
-31 49 77 0
-18 -19 109 0
-12 19 -144 0
-59 89 -143 0
5 53 147 0
31 -50 101 0
-33 100 114 0
-5 11 36 0
-15 63 76 0
20 60 -147 0
-66 134 -139 0
-37 -133 143 0
76 -113 132 0
-49 -88 120 0
-44 74 80 0
16 103 107 0
-92 127 -132 0
-44 -71 -90 0
-17 36 95 0
-2 -33 -71 0
69 -91 -132 0
-1 -10 -41 0
5 74 118 0
54 74 -76 0
-8 12 97 0
17 129 -148 0
21 -56 -66 0
42 -83 -132 0
56 106 125 0
-15 106 -117 0
8 74 81 0
36 -102 120 0
36 -100 -146 0
-46 92 142 0
-16 -48 116 0
70 -105 111 0
-86 -126 -129 0
74 98 141 0
1 -64 109 0
29 -77 -95 0
7 -137 -138 0
58 124 -134 0
47 -49 125 0
-7 107 115 0
-3 -32 96 0
-21 67 144 0
33 -69 104 0
-17 89 -90 0
-14 21 42 0
-1 11 150 0
29 95 -101 0
-91 -119 131 0
60 97 128 0
4 -78 124 0
8 -48 56 0
30 -89 145 0
-13 15 48 0
-3 -63 123 0
-7 50 77 0
-2 78 114 0
-33 98 -137 0
59 103 -134 0
-31 96 -118 0
-7 -103 131 0
20 -75 76 0
-54 89 129 0
4 -9 -120 0
21 104 145 0
16 45 66 0
-11 73 113 0
-102 -109 129 0
79 82 -147 0
-40 42 94 0
54 128 -141 0
22 77 95 0
33 -60 106 0
-22 31 38 0
20 -41 131 0
-57 -126 128 0
-84 128 -146 0
-4 59 125 0
-82 -115 140 0
-19 79 -99 0
63 -79 139 0
72 82 -112 0
-30 77 128 0
39 49 -146 0
-67 79 80 0
15 -24 35 0
7 -49 129 0
-20 50 120 0
20 -45 -69 0
-23 -55 -141 0
53 -72 -114 0
-64 101 -121 0
85 -135 140 0
-11 -46 85 0
19 28 -108 0
36 -40 -120 0
43 48 120 0
-65 -84 118 0
-121 -129 147 0
-23 43 -132 0
12 69 -71 0
-18 21 71 0
-39 -104 114 0
27 95 116 0
-6 -93 -137 0
51 52 -96 0
58 82 95 0
30 131 -134 0
-7 123 139 0
-72 81 -142 0
-8 -91 -139 0
-85 -100 136 0
7 -60 -131 0
102 -113 -134 0
24 -40 -125 0
24 47 -69 0
-14 47 57 0
60 -92 -122 0
76 -105 -124 0
73 -97 112 0
78 129 139 0
54 86 142 0
25 -56 93 0
-38 100 -137 0
13 106 -122 0
49 -99 109 0
3 25 133 0
-39 85 120 0
59 -104 -143 0
27 96 105 0
-4 -32 -98 0
-34 45 108 0
-40 99 -139 0
-29 -71 -150 0
49 -77 -100 0
-15 48 57 0
-96 130 -145 0
-65 121 143 0
75 -91 119 0
-60 -62 -69 0
-86 -110 -117 0
30 -35 90 0
-7 95 -134 0
-40 -41 62 0
8 -92 142 0
-9 94 116 0
16 74 122 0
-29 -83 -124 0
-55 -128 138 0
53 84 -130 0
4 -33 56 0
-101 -103 -147 0
-9 134 138 0
98 105 149 0
102 -138 -150 0
-5 6 -29 0
-19 -72 -113 0
23 -116 140 0
-97 -124 145 0
10 -24 84 0
41 95 -150 0
-71 98 115 0
7 -50 -79 0
25 -142 -145 0
45 49 70 0
-3 -97 -132 0
2 120 143 0
-28 -48 -107 0
56 94 101 0
47 81 115 0
58 105 122 0
-47 -76 123 0
-24 116 118 0
81 -119 130 0
17 -39 -102 0
-102 -115 -141 0
15 53 144 0
-35 -65 121 0
-47 72 77 0
29 -66 -139 0
28 58 -62 0
-101 -108 147 0
32 131 -135 0
10 -56 -138 0
79 -98 130 0
-31 129 130 0
36 81 -118 0
32 -77 -104 0
48 -54 -133 0
6 -66 99 0
30 65 -144 0
-68 92 105 0
88 100 132 0
-42 54 89 0
3 36 65 0
-26 -81 -144 0
60 -144 -150 0
-6 63 -64 0
28 -86 -119 0
-22 -78 -87 0
24 -54 115 0
50 -116 -143 0
-12 -114 -125 0
44 -112 113 0
-43 65 114 0
27 54 -128 0
82 -113 -141 0
-20 -51 62 0
63 -104 -116 0
101 107 -126 0
11 44 -135 0
52 -96 142 0
28 112 144 0
25 -92 -102 0
-23 94 -129 0
-21 63 -150 0
53 61 -136 0
134 -146 149 0
54 63 -102 0
47 -69 106 0
-3 -29 -45 0
77 87 142 0
21 -63 96 0
-76 80 -109 0
36 -97 111 0
26 67 -72 0
38 -116 -129 0
10 23 -78 0
-25 39 -100 0
-10 -65 -141 0
-50 85 136 0
-9 15 98 0
76 83 -110 0
63 126 -141 0
10 -50 93 0
-74 97 -111 0
11 62 -66 0
-5 58 92 0
-52 -65 66 0
-39 -46 109 0
-85 99 148 0
60 96 -116 0
-89 -96 -148 0
18 -43 -52 0
6 -104 -116 0
-10 -21 93 0
-20 -38 -105 0
-27 39 -83 0
-21 -51 104 0
-14 -27 69 0
-11 47 91 0
8 109 -150 0
-10 -19 -75 0
3 89 131 0
4 -55 149 0
-7 90 -138 0
-11 13 -139 0
28 73 -110 0
32 60 -81 0
-23 -48 -135 0
22 44 134 0
34 42 -125 0
42 76 114 0
3 -110 140 0
70 -118 -150 0
43 -118 -125 0
-20 -30 -136 0
-75 76 -117 0
64 95 102 0
-53 -58 106 0
18 113 139 0
38 50 -118 0
-1 94 149 0
-31 -82 -96 0
108 -118 -135 0
62 -72 -121 0
-101 -116 -148 0
-15 -72 89 0
-19 -22 -94 0
-83 109 -126 0
-75 -78 119 0
-30 -61 133 0
17 70 79 0
32 -83 138 0
-8 58 105 0
47 -147 150 0
58 84 -105 0
-57 -61 -104 0
-7 105 -135 0
17 -142 150 0
50 -65 118 0
-61 83 105 0
-2 -23 107 0
-1 -57 131 0
-62 69 -97 0
125 128 -143 0
-66 93 -147 0
12 -78 88 0
72 138 146 0
4 62 -111 0
-3 8 -44 0
-68 83 -107 0
-100 112 -136 0
-74 -131 143 0
-2 -76 119 0
14 24 -113 0
16 52 133 0
64 94 -103 0
-3 6 52 0