p cnf 150 630
11 110 -133 0
22 50 92 0
22 36 -142 0
14 -45 -139 0
5 -41 147 0
-31 -54 107 0
3 6 -51 0
-58 -122 -124 0
67 -89 116 0
-29 -69 -106 0
14 38 147 0
-12 -96 123 0
-5 15 -87 0
58 61 101 0
-2 98 -139 0
-53 80 -136 0
36 50 -68 0
15 -81 -130 0
9 -24 -114 0
25 60 125 0
61 -69 106 0
54 -110 147 0
-2 -34 83 0
-19 119 -125 0
77 -134 -145 0
13 69 -104 0
-63 -111 -136 0
-46 55 -93 0
-11 -83 -140 0
-17 -47 -101 0
-3 7 134 0
56 72 -103 0
-73 82 105 0
57 -99 121 0
-50 -67 134 0
-13 -66 94 0
10 94 142 0
51 83 -108 0
-35 -45 146 0
78 -101 131 0
-74 100 142 0
-6 101 -146 0
70 88 127 0
37 -61 -131 0
31 -55 -96 0
30 82 113 0
-8 -32 -143 0
93 147 -150 0
69 107 -148 0
77 -84 -130 0
-32 91 -123 0
-64 -69 111 0
-35 -59 -115 0
69 73 -80 0
-25 -120 147 0
-97 -101 132 0
-10 52 -115 0
-27 99 131 0
-19 -54 69 0
17 -30 -139 0
-1 24 -103 0
-2 58 -135 0
-9 -30 97 0
16 -122 134 0
-28 52 113 0
12 -106 -126 0
-101 -103 117 0
32 -49 -149 0
-3 -62 106 0
79 92 -107 0
-34 106 120 0
47 98 138 0
-42 -55 136 0
-48 84 105 0
-43 -70 90 0
90 -102 105 0
66 -89 -128 0
6 14 93 0
14 -139 150 0
23 -44 -62 0
17 54 -64 0
10 -13 119 0
12 -95 149 0
-3 -46 112 0
-31 -62 -74 0
15 -38 131 0
46 -83 -99 0
-72 106 132 0
5 43 -141 0
40 137 -142 0
-81 101 144 0
-17 -55 80 0
52 95 136 0
1 -81 -116 0
10 76 135 0
63 77 -93 0
22 95 119 0
-25 -110 -137 0
73 -120 139 0
-36 99 -148 0
-21 -39 59 0
-26 -48 -55 0
-3 -9 -97 0
-20 -104 110 0
85 -118 142 0
-71 -82 94 0
-85 -140 -144 0
9 -13 106 0
10 -52 -70 0
-12 27 92 0
-16 -62 -71 0
-32 82 -144 0
9 26 85 0
-55 88 108 0
8 -40 132 0
-6 -112 -135 0
28 29 146 0
24 85 -147 0
-25 -36 136 0
-15 -44 108 0
-17 48 -64 0
-50 -60 148 0
14 -38 -80 0
17 21 140 0
34 -54 133 0
11 26 105 0
56 57 108 0
-1 3 -106 0
-64 95 -134 0
-30 115 141 0
-21 94 -135 0
133 135 145 0
-69 -81 -99 0
108 -133 -150 0
53 71 -73 0
53 -74 -114 0
-61 72 -107 0
99 106 131 0
48 115 121 0
9 14 -140 0
22 32 135 0
11 -44 -113 0
-6 -59 -121 0
-8 -37 130 0
68 71 -107 0
13 -29 72 0
-5 -21 25 0
-12 33 -119 0
36 56 108 0
-20 34 141 0
-31 54 59 0
54 128 -149 0
59 88 149 0
69 87 108 0
15 -19 -142 0
-68 123 128 0
24 42 -107 0
34 113 123 0
-86 -108 137 0
-3 72 86 0
42 -51 -61 0
-49 88 -146 0
-20 43 -85 0
-54 66 134 0
-47 93 98 0
-42 -133 140 0
-29 100 -123 0
-70 -110 -133 0
-4 -27 109 0
29 131 -139 0
1 49 106 0
-33 131 145 0
-25 65 -68 0
-60 -82 -94 0
-15 93 -147 0
-10 57 -125 0
-14 -60 -108 0
2 72 106 0
-16 32 -61 0
27 -84 -142 0
77 -90 -122 0
-21 39 -84 0
2 -35 101 0
-13 32 148 0
31 98 -144 0
-34 -97 -147 0
69 71 -141 0
40 -91 98 0
-23 99 142 0
-21 -43 128 0
-62 79 93 0
21 -44 49 0
69 -73 134 0
-9 -24 45 0
-19 36 110 0
48 -63 77 0
56 90 -133 0
50 -53 -92 0
34 113 -142 0
92 107 -114 0
2 -45 121 0
-43 103 143 0
21 -36 115 0
-43 116 146 0
5 38 70 0
55 -110 111 0
30 33 60 0
-70 -109 -141 0
18 27 140 0
6 21 140 0
51 98 -116 0
95 100 121 0
-62 78 123 0
-23 96 127 0
69 -81 -126 0
52 56 65 0
-27 -65 149 0
41 49 -90 0
21 85 -125 0
14 74 80 0
-53 71 -140 0
4 -12 -97 0
71 -101 147 0
-82 99 -101 0
-65 85 86 0
40 75 134 0
-75 -140 -141 0
-71 132 149 0
-7 103 141 0
-92 121 -125 0
21 -130 -132 0
62 106 116 0
-31 -119 140 0
-33 75 94 0
46 61 143 0
15 24 -141 0
-6 20 -71 0
14 52 111 0
-16 101 147 0
62 125 -142 0
14 -90 -122 0
-47 -115 -141 0
29 -74 -107 0
29 57 -132 0
21 -91 135 0
74 -110 125 0
17 24 150 0
-72 -112 -125 0
66 -103 107 0
34 -91 103 0
25 53 122 0
41 96 141 0
40 -51 122 0
50 -100 147 0
7 -18 133 0
-4 -8 135 0
63 93 -95 0
22 -112 117 0
49 93 133 0
-1 -38 -70 0
13 46 -91 0
10 29 137 0
15 34 -39 0
-10 47 -121 0
-124 -129 132 0
45 99 135 0
-43 60 82 0
-27 -60 89 0
-6 -34 51 0
70 84 146 0
20 -141 -149 0
-12 -30 -47 0
40 51 -144 0
6 -63 136 0
-59 -73 105 0
12 -19 -124 0
-77 132 -139 0
128 -135 136 0
-17 98 121 0
17 72 125 0
13 87 -110 0
20 34 -73 0
-13 -126 127 0
-27 102 -128 0
-24 -93 110 0
-18 77 128 0
59 92 132 0
-49 81 83 0
29 140 148 0
42 -43 -100 0
46 -56 126 0
4 16 -104 0
1 117 -147 0
65 -122 132 0
43 98 148 0
-15 -44 -82 0
-7 94 -147 0
-9 -21 -92 0
6 -47 82 0
12 96 139 0
15 -86 -142 0
-74 135 137 0
60 83 -92 0
-41 -71 -120 0
33 58 -87 0
-44 -98 122 0
-65 79 120 0
-4 89 -148 0
18 82 -115 0
65 -66 92 0
-53 -67 -146 0
8 -9 122 0
-14 22 138 0
-58 84 -121 0
-85 89 -147 0
59 -104 -124 0
-92 -96 -121 0
-108 -119 -141 0
28 92 -132 0
20 -58 92 0
-52 73 -140 0
24 -93 136 0
-112 -124 132 0
10 -82 131 0
-47 -75 109 0
39 -45 -105 0
30 -32 110 0
9 -61 -70 0
-19 -55 77 0
-10 19 -88 0
-8 -112 -117 0
56 -130 139 0
-80 -132 -140 0
-58 111 -143 0
-23 -24 -97 0
53 128 141 0
-62 -99 -128 0
49 71 74 0
2 -62 -104 0
52 -113 144 0
-52 -90 -129 0
32 58 145 0
-21 96 -99 0
36 -72 -103 0
27 45 102 0
-3 30 82 0
12 -104 -126 0
-27 68 -91 0
-102 114 -133 0
15 41 -72 0
-72 82 -146 0
34 82 -138 0
17 39 -109 0
-94 -97 -113 0
-79 -88 128 0
-8 -62 147 0
14 110 -114 0
-38 -71 -75 0
-47 -112 -130 0
48 -77 -149 0
34 -43 96 0
88 -108 147 0
-46 104 -134 0
7 27 114 0
76 109 -139 0
49 -62 -105 0
-23 44 -48 0
-24 -104 -137 0
-82 -89 111 0
-20 -37 41 0
66 90 104 0
85 86 97 0
36 56 -90 0
113 123 -147 0
-55 61 117 0
47 -48 97 0
54 -132 143 0
57 113 -142 0
4 60 113 0
118 -126 -133 0
-15 -89 106 0
-29 -43 -54 0
96 -111 126 0
29 68 127 0
-11 -59 67 0
-28 37 -73 0
40 -93 -97 0
30 -138 -140 0
18 -57 111 0
25 51 -113 0
16 44 -90 0
-128 132 135 0
-17 -100 -109 0
28 -82 -134 0
-18 -85 115 0
10 -90 -146 0
-43 -104 -115 0
-65 109 143 0
40 -93 -118 0
-23 34 -138 0
-5 -38 143 0
13 -27 81 0
27 -98 132 0
10 -15 -147 0
-29 -100 142 0
-23 68 -144 0
82 -98 -102 0
28 -94 143 0
79 110 144 0
-20 90 144 0
3 -46 -92 0
-65 -105 -129 0
70 74 -113 0
-60 -132 146 0
-8 -130 137 0
34 52 148 0
26 -88 -138 0
9 -42 -149 0
104 129 -142 0
-26 74 -79 0
-13 -28 -104 0
-45 -84 -146 0
-39 64 135 0
62 83 -126 0
22 -90 -146 0
-25 124 140 0
-69 85 -121 0
-33 -93 -111 0
99 101 117 0
2 105 -114 0
1 -87 89 0
-6 96 115 0
-14 97 -98 0
68 92 127 0
-10 -130 147 0
-4 -6 78 0
19 -117 124 0
-8 56 -148 0
82 130 139 0
88 109 133 0
17 -40 -134 0
-46 95 106 0
31 59 115 0
-35 -52 -133 0
-5 -102 -133 0
35 89 90 0
89 96 -103 0
8 13 -104 0
-29 64 -86 0
59 139 -148 0
31 40 77 0
-16 80 99 0
42 -132 143 0
29 30 -32 0
62 -68 81 0
-21 -120 134 0
13 -81 -85 0
40 -49 107 0
12 -138 -146 0
65 -81 -103 0
59 -77 -79 0
19 -23 -88 0
45 -116 138 0
-12 31 59 0
68 110 141 0
-57 -136 143 0
-45 -78 -125 0
18 -75 -110 0
-19 -36 110 0
-2 -3 81 0
32 79 144 0
-65 72 114 0
31 -34 142 0
73 -115 -123 0
-26 41 -61 0
-49 -53 -64 0
-29 -41 43 0
-19 54 -80 0
-17 -20 86 0
-59 -91 -95 0
57 -72 139 0
-52 -81 -107 0
-34 82 115 0
-2 57 86 0
-15 -136 140 0
-35 -65 -137 0
26 -42 107 0
-16 49 106 0
63 76 -145 0
-6 46 135 0
-6 38 57 0
-40 -48 -126 0
37 102 128 0
-67 -73 -149 0
27 -40 63 0
-5 33 90 0
-73 129 -133 0
-55 -118 140 0
47 -70 99 0
53 64 143 0
58 75 96 0
62 -90 -107 0
-44 81 -143 0
-36 48 -96 0
-28 58 121 0
-16 37 147 0
-63 -86 88 0
-31 -60 62 0
-58 -77 -120 0
-29 73 119 0
-6 -46 -83 0
-34 82 -101 0
-11 -13 -118 0
-97 99 -142 0
-24 55 67 0
40 92 -135 0
-2 -49 61 0
-75 -110 -143 0
9 -38 -149 0
-15 -88 -138 0
56 84 -108 0
5 143 149 0
3 4 123 0
-12 125 132 0
25 -107 149 0
-79 86 -146 0
99 -118 134 0
-61 -107 -111 0
17 98 124 0
18 -26 -135 0
-7 -21 136 0
-60 -90 100 0
-43 -76 90 0
-3 12 -117 0
-19 -41 -100 0
50 -113 134 0
-7 60 -123 0
50 90 113 0
54 -84 143 0
68 -105 -125 0
-71 -131 -147 0
-8 51 -108 0
-25 -116 -128 0
36 -61 72 0
-34 -48 -73 0
14 -81 109 0
-12 107 -143 0
72 106 -108 0
-47 -61 147 0
16 80 97 0
35 56 124 0
13 -129 -130 0
-17 -82 147 0
73 97 139 0
-20 -60 68 0
-3 -37 -127 0
99 -121 135 0
-62 90 -137 0
-66 109 142 0
-49 -112 140 0
-71 79 146 0
40 -77 98 0
8 -77 -137 0
14 97 146 0
-19 -118 136 0
-49 98 -107 0
-71 -139 -143 0
126 134 143 0
36 50 79 0
-61 -85 96 0
5 84 95 0
-43 -79 127 0
15 69 75 0
51 55 -76 0
-16 -22 79 0
-32 117 -125 0
-41 -84 122 0
27 119 -125 0
3 -45 -82 0
-6 47 56 0
-19 -97 112 0
-102 -106 -133 0
53 72 -94 0
-16 23 -107 0
-83 -111 121 0
-6 58 110 0
23 -56 97 0
-22 -62 -71 0
7 95 -135 0
-86 -98 124 0
-28 -97 -123 0
38 49 -61 0
15 31 98 0
93 109 115 0
-20 71 143 0
76 -115 -121 0
-66 94 120 0
1 18 139 0
-20 -40 94 0
-59 84 -147 0
-53 -106 -139 0
25 -33 -124 0
57 -88 -140 0
2 -22 93 0
-50 -72 -127 0
-37 89 147 0
68 102 113 0
40 -42 -45 0
-9 51 -121 0
-28 -51 127 0
-38 -59 -108 0
18 -19 -135 0
-30 88 -118 0
-37 -62 -129 0
-51 71 -136 0
6 33 -55 0
7 -75 141 0
-61 -62 -70 0
6 -15 -104 0
21 -111 150 0
32 49 60 0
-44 -46 -56 0
-94 -110 -113 0
71 102 -108 0
-64 -103 -107 0
8 -32 35 0
-94 -124 143 0
5 52 144 0
-42 -93 -118 0
-9 37 38 0