p cnf 150 540
-79 -93 -94 0
44 -76 142 0
30 70 79 0
5 63 85 0
-21 30 -74 0
-5 -46 -63 0
27 113 114 0
39 -45 146 0
-20 -119 146 0
-67 81 -140 0
-35 -47 -88 0
-20 -67 -133 0
-41 -93 127 0
-9 -39 42 0
-33 -61 127 0
-33 -49 -84 0
-93 110 -123 0
-47 -77 -94 0
-18 -31 -86 0
35 107 -147 0
25 -48 -147 0
-14 -62 122 0
16 41 -128 0
27 -43 -99 0
-30 88 102 0
-19 -52 -148 0
11 -38 -101 0
22 -66 80 0
-45 53 132 0
82 -86 -144 0
-47 73 129 0
-30 -63 113 0
60 -69 121 0
-55 75 81 0
-49 -106 -143 0
20 139 -140 0
-22 92 -105 0
44 -95 -98 0
-1 -73 -74 0
4 27 136 0
-36 53 145 0
56 -60 75 0
8 -20 -102 0
-15 125 -146 0
-53 -64 102 0
17 -55 134 0
9 -103 -112 0
27 -32 49 0
46 -78 93 0
58 -110 -132 0
13 30 126 0
56 -58 103 0
-80 93 136 0
63 -122 150 0
-44 -94 -118 0
-89 -94 -113 0
-11 -31 -103 0
9 -110 111 0
30 -135 149 0
-10 -18 -80 0
-61 -118 -129 0
-30 104 -124 0
-4 -7 -63 0
-76 -117 135 0
41 97 135 0
-61 -74 99 0
20 -110 119 0
-23 42 -45 0
-55 102 -113 0
57 -110 114 0
-33 90 -103 0
34 -97 129 0
33 71 106 0
1 13 114 0
1 -12 79 0
53 -110 112 0
-17 35 -125 0
-42 107 -138 0
12 -124 -133 0
-70 134 137 0
-87 -97 -134 0
-59 -64 -117 0
-9 53 -90 0
48 91 -124 0
11 -100 -128 0
-8 13 -93 0
3 87 -131 0
-43 91 -150 0
-85 -96 121 0
-43 52 -97 0
-14 30 -144 0
48 106 147 0
-25 -29 -46 0
42 69 114 0
32 -82 -146 0
69 84 103 0
14 -31 128 0
104 -106 127 0
70 -89 -100 0
-18 126 -141 0
101 -125 -139 0
6 20 -39 0
3 -61 -138 0
-1 -67 -121 0
16 83 -108 0
47 120 -146 0
-41 73 -99 0
6 99 131 0
85 -86 -120 0
-64 99 112 0
17 92 129 0
-32 -119 -146 0
71 72 104 0
49 -105 -129 0
-1 -22 104 0
-81 102 104 0
-20 -29 83 0
36 70 136 0
51 87 -129 0
-11 -66 122 0
-42 -58 -115 0
66 67 -135 0
-38 56 -65 0
-32 -64 73 0
-37 58 -76 0
60 105 115 0
-30 -37 97 0
-3 65 -94 0
-2 80 -138 0
-28 41 -73 0
-1 52 -127 0
-36 67 88 0
60 -110 -111 0
19 -84 123 0
31 44 52 0
-21 62 64 0
-3 113 125 0
41 92 118 0
-7 57 -73 0
-14 89 105 0
-9 26 -145 0
19 -49 -127 0
-108 -126 136 0
12 77 102 0
-27 133 -149 0
2 54 146 0
23 -77 -132 0
38 39 74 0
-21 -110 132 0
40 -89 118 0
15 80 -100 0
4 17 -134 0
-36 -130 -147 0
-33 116 -128 0
29 -107 140 0
-65 70 -113 0
128 131 -140 0
18 104 -106 0
12 16 -146 0
-93 116 -150 0
52 -77 147 0
6 -68 103 0
8 -98 119 0
21 -93 119 0
117 130 -145 0
4 -59 79 0
11 -17 89 0
10 -14 -117 0
33 73 100 0
-34 73 127 0
-49 117 -145 0
12 -43 -45 0
57 -61 -110 0
20 -26 30 0
67 -130 143 0
-1 -40 88 0
-113 -117 133 0
-59 -83 -135 0
-18 -114 124 0
107 -112 113 0
37 72 -78 0
-59 113 135 0
44 94 -98 0
-2 -31 40 0
-27 120 125 0
-48 66 136 0
-26 37 -117 0
-8 114 -147 0
11 -15 -50 0
-68 -88 112 0
-44 49 61 0
-122 132 -135 0
-6 -82 -150 0
-54 -140 -141 0
-30 -33 130 0
39 -54 89 0
54 76 129 0
-5 20 66 0
40 96 -145 0
31 33 90 0
-33 -137 142 0
12 -74 -127 0
-44 -49 53 0
-28 82 -112 0
-1 4 -78 0
38 95 -102 0
-55 -66 95 0
43 93 130 0
28 60 -65 0
15 -114 -131 0
-46 -127 129 0
-20 45 -121 0
75 109 -113 0
59 -88 141 0
24 34 -76 0
-1 -78 -127 0
109 -135 146 0
19 46 -94 0
-24 -135 136 0
-4 10 -78 0
-68 -70 83 0
-18 83 -106 0
-62 -98 107 0
19 21 -23 0
35 -42 -99 0
19 82 -90 0
5 41 82 0
22 -86 -108 0
18 -45 -139 0
-19 -82 83 0
-64 96 -124 0
30 -39 -59 0
36 -73 96 0
55 -99 -105 0
1 54 95 0
-16 -34 112 0
48 79 -142 0
-15 20 77 0
-103 123 -134 0
42 60 80 0
-51 95 -142 0
-8 15 -136 0
38 106 112 0
-2 -44 135 0
13 -57 128 0
-17 -70 81 0
57 -59 96 0
1 14 -48 0
-46 76 -117 0
74 -106 -125 0
-4 -98 -107 0
27 -43 96 0
-19 84 -94 0
25 -62 96 0
60 -76 95 0
56 -67 -134 0
-64 -66 143 0
-52 93 97 0
-27 -49 -101 0
-60 85 -116 0
13 125 135 0
78 -98 121 0
29 65 -131 0
24 79 121 0
-59 -60 -121 0
37 -79 98 0
-55 68 70 0
-43 -56 -58 0
35 41 -123 0
30 33 -120 0
-39 -44 77 0
-39 53 111 0
-74 -83 -102 0
-30 -108 115 0
-111 -129 147 0
86 126 146 0
-72 104 -135 0
-5 22 54 0
92 111 145 0
-32 79 -130 0
-25 63 101 0
-48 69 126 0
26 27 -125 0
-39 47 -92 0
-100 -103 114 0
-56 -106 112 0
10 31 -47 0
8 -20 -121 0
-6 -37 138 0
-1 -73 -87 0
-27 40 -99 0
-19 -79 -87 0
-20 33 147 0
119 124 -142 0
9 -40 53 0
23 51 143 0
-48 -73 -118 0
-78 -84 -95 0
-38 77 84 0
-5 -89 106 0
17 27 33 0
-3 -25 -116 0
-15 37 -84 0
-52 78 130 0
-10 93 -146 0
-106 -108 -133 0
-92 111 -149 0
-19 37 -69 0
67 68 -135 0
45 -59 120 0
-74 129 -148 0
-4 62 -116 0
1 -16 -72 0
-26 93 -103 0
83 -86 -132 0
-30 -33 -96 0
56 117 -134 0
-14 -42 149 0
-9 108 140 0
46 50 87 0
-23 48 135 0
-18 107 -137 0
-54 81 143 0
56 -59 126 0
-44 59 98 0
37 -62 -68 0
-46 103 132 0
-95 108 -144 0
21 -37 117 0
-1 -82 125 0
-100 107 111 0
10 48 116 0
45 75 94 0
-70 131 -145 0
40 -50 131 0
2 -54 -74 0
95 96 129 0
50 96 107 0
32 -121 -122 0
23 -74 119 0
-51 -128 135 0
70 101 137 0
28 -33 69 0
18 -29 -111 0
-4 111 129 0
1 51 89 0
-7 76 -131 0
-49 129 -135 0
2 49 -79 0
20 41 -134 0
43 -80 122 0
-68 -116 -147 0
75 -86 -143 0
-2 79 98 0
41 79 -137 0
52 -113 -142 0
-85 92 -99 0
57 -61 93 0
-58 125 133 0
24 79 -92 0
33 81 102 0
-5 -54 142 0
45 -56 -91 0
41 -88 -91 0
19 35 95 0
24 -52 133 0
-8 66 141 0
-88 130 139 0
4 34 -60 0
124 -130 -149 0
39 91 -141 0
69 92 -110 0
-105 -106 -130 0
63 71 -109 0
50 -88 -148 0
-52 60 134 0
-10 93 130 0
47 91 -133 0
13 -79 83 0
3 26 -122 0
88 101 106 0
61 113 -117 0
6 17 146 0
21 25 103 0
16 35 99 0
6 11 74 0
-27 -65 127 0
-65 76 114 0
5 -95 97 0
-27 -82 -97 0
16 -104 135 0
-32 72 143 0
-28 94 -96 0
15 -105 149 0
-18 -86 -145 0
-24 -64 -102 0
47 72 -82 0
-67 -83 108 0
-15 -40 129 0
47 -134 -147 0
-35 36 -90 0
-82 -86 122 0
53 -77 115 0
-47 70 -149 0
-29 111 129 0
-15 -87 -139 0
-14 50 -118 0
-8 -30 61 0
-56 -80 -112 0
38 -96 150 0
-18 -35 -123 0
23 -70 73 0
-68 -74 -133 0
-19 -34 109 0
12 13 89 0
32 -140 -147 0
-65 -121 -136 0
15 -77 82 0
-29 46 -52 0
30 117 134 0
-31 -33 -80 0
32 -73 86 0
79 -100 -150 0
13 20 149 0
-24 -73 -94 0
-26 -68 119 0
20 -43 76 0
60 -115 123 0
15 68 140 0
67 85 -101 0
25 -74 -82 0
-23 -92 95 0
77 105 -131 0
-26 -45 139 0
-2 21 -118 0
-4 80 -149 0
12 -81 83 0
-52 79 85 0
-2 -74 -128 0
5 10 46 0
31 -112 -123 0
-32 -54 90 0
5 135 -150 0
-97 -107 132 0
9 -91 111 0
-38 -39 -76 0
30 -101 143 0
39 -97 149 0
11 33 148 0
-33 -46 104 0
40 -77 83 0
-8 -90 -98 0
34 -78 -92 0
-13 34 121 0
-79 99 103 0
-42 68 -70 0
18 37 133 0
7 64 127 0
-46 -81 -89 0
-17 42 -76 0
8 138 -144 0
-33 86 -99 0
-16 -52 94 0
9 -14 -107 0
-41 -93 -130 0
91 -92 -95 0
-12 42 87 0
-43 -130 133 0
78 -85 -134 0
3 82 83 0
-31 -88 132 0
2 -65 133 0
28 -62 -138 0
-44 61 102 0
-56 102 141 0
12 -19 135 0
-8 -16 103 0
-38 -50 54 0
-13 48 112 0
5 -140 142 0
-71 90 114 0
6 -17 -82 0
-36 -58 -127 0
37 50 102 0
-53 104 -149 0
123 -133 136 0
10 -33 111 0
45 51 125 0
21 -65 -135 0
69 -74 106 0
-16 75 -92 0
-22 62 96 0
37 78 144 0
23 85 86 0
17 -19 83 0
-10 100 -123 0
-66 -116 141 0
58 140 -143 0
7 70 99 0
-43 53 68 0
-49 -105 132 0
42 -118 135 0
4 -104 -116 0
19 -72 -119 0
-29 35 131 0
41 -94 105 0
-32 36 -133 0
37 -85 -118 0
-52 -66 -124 0
19 -50 -135 0
52 -74 -132 0
39 60 106 0
-91 126 -136 0
-120 131 -149 0
-6 -75 -114 0
-30 -79 88 0
81 135 -137 0
61 -130 -142 0
-85 97 -116 0
41 53 -95 0
63 -68 87 0
5 43 -72 0
-83 -85 143 0
53 68 86 0
17 -56 147 0
80 -89 134 0
37 39 88 0
7 -122 149 0
-10 12 -132 0
3 10 -117 0
-75 -106 -133 0
29 -39 -70 0
-20 -31 -60 0
11 -90 124 0
6 -23 -111 0
-63 -111 123 0
69 -102 129 0
13 28 92 0
86 120 144 0
26 -84 87 0